# Nr of Items 
100
# Nr of Knapsacks 
10
# Nr of Constraints 
2
# Items profits:
796 
934 
513 
782 
505 
640 
468 
198 
874 
286 
254 
711 
216 
954 
901 
502 
170 
174 
880 
971 
583 
819 
761 
201 
337 
53 
110 
843 
864 
425 
858 
186 
289 
199 
91 
948 
683 
369 
856 
503 
541 
69 
417 
923 
143 
79 
595 
397 
186 
183 
927 
936 
781 
130 
365 
616 
326 
316 
522 
247 
915 
841 
676 
633 
635 
988 
870 
35 
45 
401 
788 
838 
844 
589 
277 
42 
364 
790 
736 
70 
773 
60 
605 
637 
265 
206 
376 
539 
749 
512 
892 
341 
154 
730 
443 
367 
862 
500 
94 
936 

# Items weights:
436 21 
508 745 
641 34 
966 572 
429 33 
556 836 
204 835 
141 162 
880 639 
397 570 
601 106 
600 966 
707 82 
845 703 
826 144 
81 912 
286 142 
262 209 
322 581 
519 394 
409 195 
717 613 
540 379 
689 581 
702 23 
491 23 
122 266 
149 29 
172 459 
135 452 
821 133 
79 370 
565 943 
355 701 
843 34 
447 212 
573 954 
587 234 
441 247 
659 291 
23 969 
501 345 
917 808 
99 233 
638 216 
618 226 
103 989 
795 406 
229 694 
580 169 
269 865 
994 32 
299 330 
832 687 
177 358 
425 556 
455 795 
500 205 
792 437 
799 340 
108 37 
786 750 
153 803 
720 438 
657 95 
306 760 
679 606 
734 78 
288 625 
711 959 
940 5 
400 960 
249 426 
240 342 
939 429 
39 629 
547 776 
592 139 
425 448 
190 888 
534 752 
888 174 
745 384 
609 765 
383 813 
832 661 
810 802 
750 598 
465 309 
253 96 
30 103 
272 235 
733 238 
197 252 
280 180 
274 492 
750 527 
646 62 
18 338 
864 141 
# Knapsacks:
2334 1889 
2429 2028 
2580 2243 
2408 1784 
2191 1919 
2160 2519 
2569 2559 
2216 1778 
2363 2233 
14267 12324 
