# Nr of Items 
500
# Nr of Knapsacks 
10
# Nr of Constraints 
5
# Items profits:
22 
98 
86 
77 
15 
75 
17 
53 
64 
95 
28 
50 
1 
88 
51 
14 
15 
71 
80 
30 
86 
28 
89 
67 
93 
78 
65 
40 
94 
49 
74 
94 
39 
94 
43 
70 
85 
83 
54 
36 
29 
26 
25 
93 
82 
94 
96 
35 
32 
68 
83 
14 
97 
58 
91 
63 
34 
6 
96 
16 
49 
30 
3 
32 
10 
71 
93 
90 
97 
76 
40 
34 
74 
15 
83 
33 
26 
58 
81 
83 
95 
18 
91 
86 
54 
82 
9 
91 
37 
11 
92 
43 
78 
12 
40 
78 
73 
6 
55 
70 
60 
51 
2 
7 
89 
50 
17 
36 
12 
99 
70 
30 
64 
90 
75 
38 
51 
92 
12 
27 
96 
30 
21 
22 
26 
88 
66 
48 
78 
58 
49 
26 
26 
100 
57 
21 
94 
78 
40 
14 
18 
86 
41 
58 
69 
19 
61 
6 
45 
51 
63 
78 
52 
3 
82 
36 
92 
82 
33 
37 
89 
89 
97 
41 
82 
90 
65 
82 
82 
19 
32 
72 
21 
31 
83 
61 
43 
14 
38 
37 
3 
12 
11 
77 
84 
70 
20 
90 
57 
21 
92 
69 
71 
25 
53 
24 
88 
46 
98 
94 
77 
27 
36 
74 
100 
77 
23 
35 
45 
47 
13 
19 
51 
71 
88 
95 
98 
2 
3 
4 
65 
74 
36 
90 
4 
14 
81 
55 
38 
91 
27 
79 
11 
11 
9 
67 
57 
17 
79 
93 
97 
89 
76 
74 
25 
95 
29 
61 
75 
23 
46 
13 
83 
25 
60 
30 
96 
9 
27 
17 
6 
62 
68 
6 
63 
42 
42 
25 
96 
15 
56 
75 
36 
73 
83 
56 
59 
65 
95 
7 
50 
31 
17 
50 
60 
49 
73 
45 
30 
38 
5 
79 
8 
19 
42 
86 
57 
34 
32 
89 
83 
90 
1 
92 
41 
7 
7 
21 
99 
21 
18 
56 
44 
20 
46 
10 
52 
63 
31 
44 
42 
24 
43 
44 
14 
37 
37 
21 
27 
28 
31 
93 
76 
18 
3 
13 
89 
14 
28 
11 
25 
34 
41 
1 
93 
42 
91 
15 
14 
63 
77 
95 
9 
32 
58 
61 
18 
1 
49 
28 
35 
15 
90 
77 
23 
89 
74 
86 
24 
63 
26 
83 
46 
76 
49 
53 
72 
62 
28 
54 
99 
16 
48 
42 
83 
6 
70 
38 
96 
7 
77 
70 
13 
72 
34 
85 
77 
85 
29 
94 
77 
85 
84 
24 
26 
61 
81 
10 
98 
24 
51 
58 
22 
63 
92 
28 
12 
93 
94 
42 
49 
86 
77 
44 
14 
71 
86 
12 
46 
6 
45 
2 
13 
89 
10 
64 
69 
99 
30 
21 
70 
88 
70 
89 
40 
83 
48 
37 
51 
58 
43 
86 
29 
91 
87 
42 
70 
87 
56 
67 
1 
85 
57 
90 
79 
47 
26 
100 
26 
6 
84 
85 
10 
81 
97 
23 
81 
81 
89 
99 
5 
84 
85 
41 
51 
85 
5 
63 
69 
85 
49 
45 
47 
34 
55 
77 
72 
74 
94 
47 

# Items weights:
8 2 35 32 87 
77 6 15 91 10 
70 32 84 65 97 
5 60 39 27 7 
16 32 34 33 1 
99 86 9 17 21 
7 12 80 59 75 
45 71 79 96 77 
54 17 71 18 80 
37 79 9 60 39 
76 61 66 21 40 
84 89 98 76 45 
50 72 4 8 40 
84 83 64 85 21 
18 29 59 87 11 
20 55 45 85 35 
70 51 25 25 96 
1 13 45 88 5 
70 52 75 58 2 
94 99 60 59 65 
47 65 70 72 92 
37 20 98 62 20 
93 33 7 100 3 
61 50 19 8 17 
53 40 39 26 60 
95 75 5 95 77 
52 68 32 45 68 
61 8 85 13 43 
37 35 92 8 24 
42 34 84 67 64 
5 3 74 43 88 
37 13 47 28 40 
89 92 83 62 32 
57 61 39 78 57 
18 36 35 86 32 
81 60 87 42 73 
73 65 57 93 60 
82 87 53 3 7 
62 7 58 59 15 
25 98 75 65 67 
25 49 22 23 42 
37 19 39 91 62 
83 16 21 95 23 
17 14 7 14 61 
96 91 68 17 77 
58 43 26 1 54 
55 49 24 47 47 
28 21 80 95 98 
92 96 53 67 51 
46 40 16 64 46 
18 38 21 76 83 
42 14 100 69 60 
40 11 75 25 63 
99 18 7 38 39 
10 76 14 60 64 
15 58 72 34 98 
25 51 70 34 62 
24 96 99 90 35 
32 32 6 98 13 
78 67 76 94 88 
19 90 18 95 45 
31 92 8 69 30 
9 47 21 44 63 
43 40 27 60 98 
61 47 75 31 77 
36 73 93 95 17 
47 55 8 94 83 
30 94 9 44 50 
5 95 44 59 48 
40 39 28 25 38 
65 33 34 38 71 
89 30 56 33 47 
58 10 1 18 30 
67 72 72 63 58 
39 20 95 85 30 
51 16 73 67 83 
89 90 69 1 90 
26 71 15 90 80 
73 16 24 20 93 
36 25 84 37 43 
58 89 69 30 39 
78 55 82 85 20 
68 39 84 50 75 
91 27 28 14 26 
84 66 8 47 68 
40 52 76 39 54 
8 9 95 79 55 
25 15 37 15 54 
49 22 62 27 40 
92 88 80 74 80 
49 6 39 77 61 
52 72 41 62 59 
23 38 29 3 3 
51 10 90 16 72 
18 1 38 24 57 
73 32 8 70 82 
69 70 47 29 12 
37 16 99 16 44 
85 41 71 54 13 
94 41 16 84 36 
100 14 95 66 41 
16 27 7 84 33 
6 98 61 13 54 
94 60 18 75 90 
11 8 28 6 71 
75 4 37 7 29 
89 11 94 35 47 
60 56 60 6 31 
17 54 94 97 8 
36 59 19 23 6 
84 57 38 36 71 
45 86 54 60 70 
74 99 18 55 52 
48 66 87 66 9 
82 37 62 52 11 
4 9 85 78 5 
55 17 69 80 65 
43 2 40 76 76 
80 45 63 70 69 
35 10 52 26 35 
55 78 81 15 76 
69 31 88 70 34 
31 26 57 93 36 
69 67 90 28 24 
91 38 76 12 14 
72 11 84 43 54 
11 57 53 95 7 
35 58 62 83 85 
95 46 92 24 4 
40 87 32 97 40 
24 73 4 61 6 
71 58 12 32 65 
63 86 78 35 60 
17 78 44 7 28 
80 10 13 56 88 
82 96 90 8 79 
72 30 60 84 6 
57 27 33 20 9 
79 25 100 72 36 
94 14 40 100 73 
52 27 3 40 60 
49 6 18 52 72 
56 37 54 23 12 
9 65 89 95 59 
38 69 26 13 19 
76 45 24 12 11 
14 99 86 1 81 
12 89 76 5 83 
9 88 66 58 56 
32 79 7 86 28 
16 100 20 72 83 
38 46 52 28 91 
97 79 52 11 21 
48 31 99 23 92 
98 9 42 32 54 
91 71 69 61 19 
98 19 55 28 42 
35 88 85 71 48 
10 73 94 79 3 
98 78 29 83 77 
56 23 4 34 17 
76 61 52 48 60 
68 68 23 48 98 
12 53 97 97 52 
56 66 41 22 51 
97 97 57 79 31 
24 75 4 10 45 
95 81 26 23 69 
75 93 11 76 1 
86 86 3 17 93 
87 54 15 25 12 
56 5 45 68 54 
19 60 57 24 21 
71 97 44 99 26 
90 44 24 86 56 
66 2 80 44 90 
77 40 14 69 70 
2 83 3 19 33 
23 71 5 54 83 
65 78 88 34 95 
42 85 27 69 72 
15 72 81 96 99 
46 73 88 98 40 
53 64 13 53 25 
94 76 40 2 18 
70 86 97 33 14 
70 31 100 67 64 
85 17 9 9 97 
23 48 7 25 51 
17 65 9 51 70 
22 31 93 94 90 
25 95 62 25 39 
61 64 77 65 95 
4 79 79 91 4 
70 45 76 91 33 
85 65 79 90 65 
17 18 32 2 60 
64 40 49 96 50 
8 16 69 60 46 
95 4 36 65 30 
61 72 35 89 81 
84 37 69 99 17 
35 41 85 2 55 
94 57 32 35 92 
48 81 18 2 18 
28 20 74 29 36 
72 97 77 37 91 
2 88 5 79 44 
27 83 95 39 39 
58 85 42 30 55 
89 66 89 42 67 
6 22 44 97 65 
66 90 85 42 89 
100 16 55 95 34 
85 57 94 36 64 
3 8 43 96 57 
13 94 23 38 85 
78 5 63 7 64 
15 16 29 13 96 
27 61 14 87 28 
77 43 2 71 66 
21 81 92 97 49 
44 95 98 44 73 
95 30 19 34 56 
97 22 69 17 38 
9 20 37 62 52 
92 62 91 37 11 
2 79 47 97 68 
89 3 72 40 77 
36 14 55 21 70 
93 47 12 58 17 
68 36 87 45 29 
59 12 66 40 23 
1 64 70 30 57 
73 71 41 22 13 
4 48 8 5 57 
17 16 3 21 53 
3 6 23 21 87 
88 73 27 95 81 
59 28 19 74 83 
69 48 44 34 41 
92 98 8 2 17 
64 48 31 27 55 
99 42 94 44 41 
90 91 94 17 99 
3 20 99 35 9 
1 27 58 97 67 
14 13 35 26 11 
52 20 7 76 18 
67 43 75 22 58 
70 47 68 91 52 
61 2 20 44 74 
25 9 22 19 45 
26 89 82 2 27 
82 46 54 30 91 
74 79 74 42 70 
7 13 38 99 19 
12 66 58 66 44 
20 56 49 95 16 
55 15 59 38 1 
4 29 91 100 32 
70 36 53 3 5 
12 73 45 67 20 
53 70 15 93 15 
71 53 78 21 10 
56 34 78 37 93 
80 91 23 82 34 
42 60 76 89 71 
36 79 5 50 81 
92 68 6 53 21 
49 23 63 97 86 
68 77 31 10 37 
9 25 41 99 92 
65 39 37 95 40 
16 84 80 70 66 
24 17 57 49 43 
60 53 100 29 55 
33 4 35 27 1 
94 33 24 66 93 
13 16 87 50 95 
91 99 23 95 55 
19 57 27 38 44 
5 81 37 21 11 
15 73 20 60 10 
96 33 17 33 78 
90 49 15 1 58 
81 96 32 4 44 
97 29 94 4 55 
41 52 75 47 88 
6 6 99 83 16 
61 10 4 73 53 
60 72 93 11 4 
38 8 55 93 28 
3 5 27 70 53 
96 26 76 75 33 
78 34 56 91 58 
35 2 2 99 97 
25 83 18 5 30 
76 22 59 9 98 
56 41 34 12 12 
3 27 27 97 59 
19 85 9 54 60 
23 77 2 67 47 
93 40 83 46 61 
49 10 66 78 76 
7 40 1 68 90 
42 6 11 62 8 
30 49 70 12 80 
70 68 30 43 47 
88 51 5 8 89 
84 16 16 67 94 
64 4 45 49 62 
84 51 19 68 93 
69 98 54 46 67 
46 21 4 58 89 
42 17 44 90 75 
90 45 17 57 76 
24 52 40 56 40 
22 65 99 10 44 
68 41 62 69 98 
78 20 56 76 59 
21 67 71 44 21 
59 62 86 2 37 
77 47 56 61 30 
23 87 55 60 97 
49 34 99 17 21 
17 97 73 64 54 
19 47 30 3 23 
78 80 2 71 50 
80 9 40 6 78 
90 8 69 44 74 
23 81 37 14 7 
25 71 25 93 49 
20 46 23 75 19 
38 44 31 4 46 
35 25 32 96 27 
43 52 51 74 77 
32 56 100 29 45 
48 96 39 61 86 
55 66 15 98 26 
86 8 79 3 89 
62 78 63 26 89 
68 15 86 27 98 
87 98 31 27 74 
4 91 83 43 85 
61 7 68 15 21 
36 24 14 59 94 
56 67 6 39 76 
52 81 9 26 98 
33 3 100 44 31 
20 20 65 63 71 
76 83 92 68 87 
39 64 65 67 43 
51 3 33 34 81 
86 40 94 54 59 
87 99 7 19 25 
31 23 59 48 67 
62 95 26 25 56 
54 50 20 84 54 
53 14 97 46 79 
60 87 30 32 32 
93 70 34 67 63 
48 92 54 27 20 
53 2 29 22 40 
46 56 19 51 44 
75 19 93 45 10 
42 35 94 81 65 
96 71 23 65 83 
93 39 8 92 83 
66 88 6 16 55 
84 56 66 11 10 
61 22 93 7 19 
78 32 93 60 72 
66 53 20 72 92 
72 24 59 35 70 
7 90 15 8 33 
64 24 48 51 29 
56 28 65 49 96 
43 34 21 3 90 
55 3 68 26 98 
9 82 17 56 63 
3 61 50 80 54 
50 21 25 72 89 
7 86 31 10 78 
30 89 63 92 47 
83 86 47 25 42 
86 66 64 27 61 
13 93 52 83 83 
99 95 39 62 38 
61 28 57 22 48 
14 75 62 3 9 
94 10 61 28 41 
49 2 67 47 56 
45 2 66 73 76 
71 7 36 5 26 
60 60 83 89 88 
87 97 5 22 41 
72 19 73 88 69 
80 88 15 2 67 
57 83 82 68 57 
74 10 9 79 87 
99 51 76 23 50 
44 34 59 97 29 
70 63 69 47 97 
9 36 64 87 3 
51 91 60 87 72 
50 11 42 18 92 
14 35 72 15 66 
18 89 4 61 39 
100 69 81 59 55 
11 14 43 20 29 
33 32 96 49 94 
16 16 77 81 96 
19 43 16 57 41 
74 34 83 76 91 
39 7 76 91 56 
96 39 36 86 6 
5 34 96 56 51 
75 50 52 3 10 
42 89 31 90 99 
45 56 35 70 83 
22 16 94 79 81 
10 30 22 19 35 
72 97 7 40 12 
33 90 7 4 12 
2 99 66 63 53 
36 69 69 91 87 
27 8 1 30 41 
2 39 99 71 43 
16 47 52 35 92 
26 11 50 22 76 
79 73 15 78 90 
62 78 91 76 7 
82 38 20 46 73 
86 59 39 31 20 
28 57 29 65 74 
51 30 94 28 64 
63 13 19 82 97 
5 6 50 77 6 
82 78 78 100 33 
20 75 77 48 10 
11 61 81 10 2 
16 73 75 87 3 
68 47 69 1 24 
71 63 18 7 78 
90 1 25 15 16 
79 5 19 60 79 
34 17 69 18 19 
26 9 42 86 89 
9 73 8 48 72 
66 16 74 47 2 
68 14 42 15 84 
27 62 16 28 84 
73 59 83 52 57 
59 59 43 66 77 
1 72 30 91 54 
36 74 76 10 41 
18 54 1 10 54 
98 33 52 97 59 
10 26 77 46 60 
52 58 25 18 61 
5 86 91 31 87 
90 2 39 42 40 
97 20 85 75 60 
81 23 52 7 33 
44 65 100 98 64 
1 51 64 93 90 
66 45 99 53 65 
1 44 64 98 7 
98 42 62 58 49 
45 39 97 44 23 
98 11 89 37 46 
45 46 5 45 62 
67 72 87 5 33 
58 2 56 47 37 
63 24 47 77 57 
85 6 70 86 9 
23 83 41 45 60 
97 50 94 63 35 
10 77 40 100 25 
35 4 79 84 5 
71 35 7 5 53 
97 89 59 42 74 
82 29 6 15 65 
12 52 12 14 75 
14 86 51 39 85 
98 76 19 8 33 
71 78 45 13 98 
43 55 81 62 80 
68 18 75 34 19 
25 80 73 18 70 
81 53 81 85 94 
70 98 72 82 93 
33 78 60 68 87 
70 94 83 45 39 
94 97 76 62 53 
3 20 86 35 52 
79 91 63 71 15 
5 74 55 86 91 
84 31 22 61 22 
# Knapsacks:
1127 1370 1160 1192 1531 
1136 1108 1022 1139 1276 
1190 982 1099 1332 1416 
1109 1447 1067 1301 1066 
1323 1117 1362 1238 1406 
1342 1342 1449 1149 1400 
1128 1245 1406 1397 1119 
1243 1397 1045 1278 1529 
1336 1389 1351 1370 1545 
7413 6548 7157 6867 6938 
