# Nr of Items 
200
# Nr of Knapsacks 
5
# Nr of Constraints 
5
# Items profits:
858 
550 
736 
338 
755 
429 
926 
921 
573 
937 
638 
863 
509 
705 
785 
881 
637 
668 
362 
354 
801 
588 
629 
963 
437 
628 
895 
586 
72 
275 
537 
92 
469 
712 
230 
18 
598 
852 
897 
968 
391 
180 
200 
178 
970 
341 
293 
199 
190 
878 
880 
311 
582 
578 
71 
261 
809 
348 
246 
973 
941 
130 
24 
575 
659 
67 
381 
339 
743 
698 
753 
636 
453 
385 
204 
934 
926 
199 
566 
721 
25 
395 
183 
108 
851 
303 
270 
874 
985 
654 
79 
601 
593 
591 
699 
775 
468 
817 
396 
820 
247 
933 
607 
916 
479 
744 
209 
50 
969 
215 
803 
486 
176 
209 
184 
697 
391 
929 
506 
44 
931 
770 
584 
949 
595 
778 
451 
571 
25 
561 
469 
861 
151 
263 
162 
88 
259 
585 
711 
574 
651 
645 
518 
880 
210 
914 
825 
334 
450 
786 
355 
570 
561 
769 
595 
385 
29 
252 
657 
555 
697 
74 
719 
262 
526 
831 
378 
640 
602 
821 
159 
987 
141 
442 
271 
446 
79 
821 
835 
795 
77 
57 
625 
244 
778 
657 
295 
222 
486 
955 
796 
303 
339 
830 
810 
248 
380 
597 
215 
972 

# Items weights:
709 549 943 852 265 
307 334 998 803 449 
238 786 413 151 656 
40 79 679 391 921 
138 736 486 802 397 
984 731 739 197 81 
557 484 531 619 652 
726 264 247 775 893 
737 280 549 821 355 
779 169 913 87 697 
260 896 485 217 484 
87 889 583 846 284 
346 898 347 438 194 
212 460 816 226 216 
191 45 385 523 867 
934 663 88 121 83 
300 986 571 637 82 
275 983 324 499 581 
132 464 45 451 503 
580 766 454 963 294 
643 930 402 206 828 
654 441 535 151 884 
67 100 524 454 966 
263 958 608 334 566 
259 140 285 632 614 
64 11 884 654 32 
150 652 769 27 746 
147 538 965 200 564 
836 164 798 233 859 
938 512 377 340 608 
392 332 402 322 92 
260 37 232 791 138 
895 375 503 291 149 
188 805 923 684 765 
73 69 332 374 435 
801 620 883 735 79 
415 159 379 875 782 
307 175 124 620 241 
207 342 923 452 614 
817 751 789 270 658 
71 118 482 774 833 
764 521 791 853 976 
397 972 514 178 556 
271 264 303 768 796 
289 287 533 898 260 
342 420 992 528 90 
951 459 21 57 89 
416 835 905 693 625 
971 777 292 332 392 
363 485 280 402 565 
946 603 294 428 291 
370 893 608 829 991 
946 996 294 388 54 
693 11 813 482 893 
63 28 747 287 223 
686 566 731 557 804 
242 202 992 227 914 
420 479 133 6 399 
15 299 11 562 527 
653 328 343 71 578 
482 200 475 303 754 
445 170 938 938 903 
662 388 489 76 150 
773 374 457 351 605 
467 251 929 137 373 
346 307 374 210 968 
539 822 149 169 872 
748 878 291 145 985 
289 836 159 670 375 
1000 552 679 556 940 
101 187 257 597 461 
890 656 276 613 224 
647 365 922 60 723 
754 784 458 191 126 
326 886 360 383 934 
186 685 195 756 145 
189 10 549 593 279 
18 176 643 479 262 
387 28 71 359 885 
424 210 290 985 8 
652 105 464 784 866 
647 291 401 975 556 
832 92 406 121 160 
851 579 126 305 587 
455 483 353 933 287 
518 609 437 734 673 
727 383 383 224 141 
27 401 100 579 338 
810 202 517 572 281 
684 314 939 563 180 
344 137 285 757 718 
410 612 445 802 741 
581 641 550 887 63 
144 793 38 418 801 
960 287 204 918 620 
69 138 794 590 968 
481 296 814 941 489 
269 530 806 693 170 
581 159 318 536 350 
258 471 422 431 713 
984 29 625 236 976 
716 988 172 844 737 
967 108 723 662 147 
603 579 73 643 646 
216 757 237 664 121 
797 936 571 863 3 
695 72 718 464 922 
928 449 962 612 186 
79 730 283 994 384 
461 144 967 175 637 
794 96 229 605 415 
63 387 603 404 664 
463 338 238 651 855 
920 618 432 457 905 
614 100 416 930 183 
551 303 576 336 301 
489 839 850 231 927 
359 364 615 259 976 
898 397 799 354 913 
470 93 782 881 441 
732 650 421 52 981 
481 118 486 86 872 
480 638 887 100 46 
561 47 774 55 133 
614 895 784 977 405 
757 315 771 59 198 
245 653 485 321 305 
3 304 10 485 924 
313 317 805 183 544 
900 160 412 142 291 
255 127 768 683 566 
355 390 566 304 316 
126 476 81 819 833 
906 564 986 366 497 
668 584 705 543 453 
514 449 847 137 837 
43 926 802 523 794 
596 8 889 36 174 
808 513 933 509 191 
73 354 669 911 816 
855 918 737 85 186 
10 845 869 488 655 
853 32 816 644 414 
357 590 947 446 104 
635 813 775 469 288 
381 961 821 656 748 
459 212 370 135 728 
413 785 333 163 923 
466 680 2 228 960 
369 298 106 82 17 
905 31 492 395 803 
64 403 231 134 936 
952 780 840 818 668 
722 330 271 157 514 
833 83 858 191 760 
171 167 59 87 257 
29 179 161 589 530 
498 354 521 924 189 
742 782 674 571 227 
448 80 58 186 497 
466 572 560 551 115 
480 583 999 204 650 
896 278 442 802 664 
999 755 784 309 957 
57 864 969 709 433 
928 985 50 689 884 
373 6 700 545 718 
407 960 916 389 653 
343 248 426 180 438 
952 160 269 134 632 
608 49 180 990 902 
548 130 508 837 435 
356 409 293 171 371 
631 950 292 987 851 
204 778 335 250 843 
321 19 811 479 649 
65 400 67 36 981 
183 360 63 756 175 
920 451 268 312 226 
717 785 629 889 462 
791 727 49 307 375 
707 869 911 721 29 
715 835 285 37 34 
897 524 992 354 624 
605 14 541 253 166 
441 54 782 714 203 
488 318 798 182 268 
431 270 524 387 434 
193 763 144 731 975 
103 876 282 759 262 
611 762 363 782 395 
532 882 530 911 990 
460 140 325 190 194 
904 950 136 895 8 
200 37 349 830 339 
469 70 135 956 170 
145 97 111 705 856 
71 514 100 54 545 
41 296 332 875 572 
747 874 584 304 541 
# Knapsacks:
4844 6634 4180 6105 4897 
6346 3995 5999 5652 7779 
6383 3941 4886 4994 5200 
7390 5673 6150 4083 5411 
22035 21274 24176 22816 23927 
