# Nr of Items 
200
# Nr of Knapsacks 
5
# Nr of Constraints 
2
# Items profits:
132 
872 
587 
96 
157 
492 
19 
108 
636 
529 
301 
220 
333 
715 
216 
382 
436 
634 
500 
345 
314 
201 
675 
80 
718 
608 
733 
105 
444 
330 
647 
165 
532 
65 
104 
810 
657 
94 
761 
35 
533 
45 
951 
513 
838 
117 
176 
283 
583 
46 
287 
312 
533 
156 
421 
677 
852 
120 
493 
857 
134 
527 
666 
54 
120 
459 
24 
306 
497 
901 
645 
914 
824 
116 
140 
959 
25 
960 
861 
11 
20 
560 
979 
92 
994 
315 
571 
72 
732 
634 
4 
513 
122 
507 
105 
247 
269 
961 
7 
908 
721 
311 
548 
725 
643 
195 
598 
67 
467 
696 
140 
849 
847 
453 
380 
975 
908 
874 
793 
613 
281 
721 
824 
19 
82 
153 
271 
21 
277 
591 
121 
916 
501 
558 
689 
479 
353 
701 
490 
183 
112 
136 
592 
209 
588 
216 
22 
263 
304 
556 
388 
999 
999 
418 
188 
413 
26 
790 
128 
843 
990 
169 
74 
78 
712 
94 
705 
884 
374 
799 
628 
25 
315 
445 
789 
937 
207 
813 
21 
798 
617 
822 
735 
75 
858 
807 
107 
289 
543 
318 
688 
926 
515 
228 
166 
446 
423 
477 
831 
113 

# Items weights:
904 570 
93 586 
494 604 
913 6 
747 426 
927 333 
879 269 
333 802 
215 139 
215 224 
641 6 
850 358 
489 49 
292 43 
837 482 
277 932 
375 575 
754 625 
424 709 
109 658 
339 763 
998 699 
709 905 
931 983 
113 558 
548 341 
525 97 
676 745 
517 137 
492 672 
427 180 
616 30 
677 788 
738 997 
9 802 
301 405 
327 992 
132 345 
32 708 
335 272 
984 589 
493 490 
392 461 
294 313 
865 823 
32 613 
198 503 
714 574 
7 129 
856 803 
443 688 
707 986 
87 508 
444 943 
350 563 
633 498 
284 850 
873 430 
712 450 
170 384 
110 427 
447 178 
559 665 
947 32 
391 481 
476 812 
794 358 
223 397 
627 88 
110 589 
537 635 
307 743 
845 798 
915 896 
174 525 
426 196 
562 41 
477 710 
844 495 
53 752 
611 5 
626 951 
626 423 
635 465 
243 141 
791 969 
956 706 
975 500 
402 458 
443 407 
438 787 
399 630 
285 576 
825 929 
574 142 
945 200 
171 159 
271 219 
238 298 
313 50 
854 533 
284 188 
627 965 
165 459 
435 521 
958 508 
941 953 
330 851 
382 539 
400 554 
339 276 
777 797 
367 479 
914 449 
121 397 
938 356 
938 721 
610 453 
241 34 
881 256 
39 51 
880 206 
253 742 
966 525 
854 562 
79 297 
908 303 
662 657 
373 376 
351 959 
344 13 
528 73 
849 627 
55 476 
883 494 
338 919 
774 147 
720 645 
841 518 
482 714 
372 41 
724 325 
575 219 
466 921 
670 123 
349 365 
102 247 
291 653 
97 780 
634 487 
995 294 
827 691 
215 185 
3 7 
950 199 
226 403 
518 663 
253 702 
62 216 
718 680 
937 745 
104 99 
214 137 
255 621 
994 894 
830 431 
534 417 
477 104 
738 424 
94 509 
512 871 
86 53 
302 559 
982 379 
28 353 
844 58 
286 780 
39 624 
851 616 
516 338 
307 307 
810 875 
469 420 
762 313 
14 648 
631 245 
448 651 
632 435 
601 907 
670 476 
54 940 
94 577 
771 302 
662 252 
337 507 
667 10 
709 971 
715 675 
126 340 
826 761 
# Knapsacks:
12177 8732 
12068 8356 
9574 8506 
8305 11383 
29936 30344 
