# Nr of Items 
500
# Nr of Knapsacks 
10
# Nr of Constraints 
5
# Items profits:
323 
342 
477 
888 
783 
799 
908 
382 
17 
419 
838 
815 
992 
527 
455 
630 
718 
257 
948 
421 
814 
424 
423 
754 
150 
870 
562 
242 
821 
296 
473 
576 
475 
915 
700 
957 
870 
952 
249 
352 
418 
375 
532 
215 
791 
382 
986 
658 
638 
346 
120 
789 
514 
523 
311 
605 
225 
938 
217 
145 
699 
949 
348 
41 
409 
800 
125 
480 
230 
116 
116 
916 
1000 
747 
917 
268 
958 
368 
980 
752 
665 
234 
726 
723 
662 
865 
253 
514 
441 
454 
700 
684 
738 
829 
253 
411 
443 
213 
921 
49 
262 
908 
494 
530 
610 
654 
657 
175 
77 
111 
540 
799 
746 
283 
167 
294 
267 
987 
459 
673 
70 
409 
504 
94 
634 
1 
853 
695 
162 
537 
527 
583 
503 
280 
479 
890 
153 
273 
983 
159 
949 
48 
67 
336 
855 
179 
163 
231 
48 
40 
191 
161 
55 
948 
824 
957 
483 
616 
723 
253 
829 
868 
856 
634 
417 
360 
214 
339 
460 
380 
591 
645 
190 
502 
185 
194 
48 
298 
642 
501 
974 
378 
505 
875 
461 
782 
962 
426 
900 
852 
377 
316 
293 
136 
700 
179 
267 
147 
260 
77 
428 
158 
579 
105 
688 
478 
694 
342 
407 
385 
779 
977 
301 
767 
730 
70 
647 
336 
422 
589 
110 
50 
28 
165 
394 
875 
458 
338 
142 
529 
648 
282 
9 
568 
273 
354 
618 
803 
377 
60 
258 
976 
302 
251 
228 
743 
562 
467 
190 
690 
94 
861 
944 
541 
447 
583 
227 
581 
315 
399 
242 
452 
75 
136 
523 
682 
345 
281 
20 
859 
18 
195 
481 
958 
60 
474 
932 
707 
592 
154 
474 
251 
568 
530 
403 
899 
896 
452 
321 
439 
847 
713 
430 
458 
485 
535 
232 
171 
357 
613 
696 
783 
147 
628 
725 
820 
93 
295 
988 
155 
61 
331 
898 
876 
500 
270 
479 
180 
159 
25 
299 
777 
429 
377 
107 
683 
381 
240 
427 
171 
858 
176 
716 
790 
522 
239 
478 
682 
137 
874 
117 
894 
561 
37 
591 
957 
51 
559 
891 
474 
13 
57 
362 
155 
501 
878 
472 
872 
996 
51 
170 
948 
651 
775 
624 
546 
943 
899 
755 
423 
167 
994 
599 
749 
483 
16 
737 
773 
421 
373 
440 
658 
722 
306 
830 
236 
617 
489 
574 
953 
665 
488 
854 
524 
414 
637 
885 
904 
435 
673 
757 
892 
672 
608 
841 
8 
972 
918 
519 
461 
465 
25 
509 
615 
630 
317 
206 
221 
583 
682 
861 
117 
877 
846 
479 
635 
548 
872 
315 
515 
414 
633 
268 
449 
427 
419 
508 
542 
307 
92 
626 
428 
464 
435 
947 
975 
888 
273 
83 
781 
872 
808 
940 
925 
472 
293 
732 
779 
516 
920 
242 
385 
991 
122 
247 
405 
593 
548 
672 
192 
89 
565 
257 
499 
450 
795 
154 
155 
225 
599 
789 
669 
939 
988 
12 
265 
922 
455 
390 
282 
919 
367 
169 
954 
487 
452 
703 
745 
666 
699 

# Items weights:
527 749 495 932 947 
471 473 765 548 54 
646 70 549 897 949 
984 442 296 815 226 
720 97 322 451 410 
195 222 242 332 730 
946 350 224 804 217 
95 315 951 752 450 
915 403 453 73 583 
931 321 988 594 750 
575 186 384 398 653 
328 479 51 531 473 
885 781 757 643 960 
399 567 708 231 646 
849 871 269 676 754 
247 888 263 574 144 
956 776 950 456 631 
430 759 255 530 76 
384 724 906 642 643 
177 73 921 797 686 
528 769 515 677 663 
798 465 251 613 919 
956 124 771 118 906 
486 378 745 439 309 
723 782 89 563 900 
440 128 681 94 189 
10 616 16 859 742 
1000 465 934 103 444 
298 761 425 185 783 
838 371 138 706 139 
774 727 648 330 337 
746 561 301 759 176 
650 194 115 159 928 
452 518 906 483 32 
231 841 78 945 42 
706 461 906 13 730 
675 79 517 1000 867 
587 44 953 97 542 
615 870 832 526 816 
544 220 348 568 468 
425 230 74 654 292 
905 7 269 547 450 
289 827 628 363 312 
101 494 558 251 956 
127 240 267 416 963 
899 229 186 918 343 
689 675 42 323 314 
573 644 114 360 465 
115 719 818 549 122 
196 35 355 187 711 
32 704 158 954 665 
598 946 45 460 850 
62 143 427 521 915 
556 748 703 716 483 
806 194 395 232 816 
887 319 702 64 562 
554 511 410 950 211 
530 217 501 78 918 
911 13 738 461 662 
835 249 271 213 55 
890 303 176 882 138 
179 777 904 71 951 
71 318 969 828 419 
669 13 875 365 46 
413 538 886 62 784 
546 313 861 511 957 
719 133 117 266 521 
202 268 79 199 490 
124 452 73 771 138 
758 532 809 802 473 
950 579 353 951 157 
210 925 778 682 475 
392 892 301 470 372 
144 499 660 91 208 
513 228 820 386 260 
511 992 565 567 863 
758 858 123 732 526 
714 844 265 576 590 
845 828 816 192 159 
693 383 740 10 965 
108 40 500 910 272 
2 301 892 459 77 
407 84 206 844 856 
369 318 195 473 614 
449 179 748 196 142 
453 632 939 294 309 
955 309 836 575 715 
987 315 403 26 739 
849 298 880 644 637 
373 272 94 981 82 
387 883 440 192 262 
148 30 915 799 26 
223 500 561 795 108 
148 737 640 598 905 
180 106 802 899 154 
41 256 936 444 793 
538 637 367 424 20 
472 722 148 259 491 
598 970 71 421 761 
151 766 575 830 330 
562 400 952 7 1 
661 237 394 165 306 
641 357 281 436 791 
518 989 590 644 654 
456 700 383 954 584 
54 404 160 833 936 
81 966 416 370 17 
503 686 271 760 938 
666 10 469 9 975 
502 548 881 197 164 
747 882 997 386 937 
55 379 533 614 478 
325 452 324 482 809 
607 157 666 634 413 
302 297 226 184 752 
466 374 653 306 394 
49 742 984 327 600 
515 542 656 530 580 
588 301 468 587 979 
208 575 391 140 472 
490 351 765 334 633 
48 260 797 474 359 
423 113 690 501 192 
980 814 179 822 597 
650 568 156 867 668 
362 506 233 248 58 
564 650 28 328 687 
312 707 269 740 472 
656 754 223 886 771 
525 9 769 469 820 
924 735 605 817 762 
324 84 906 257 122 
44 546 672 658 95 
897 128 92 923 457 
87 755 754 680 957 
469 869 961 479 837 
753 495 303 26 326 
581 147 633 462 706 
272 208 633 820 55 
254 744 580 230 182 
419 233 930 981 320 
565 919 11 20 255 
436 716 923 546 840 
531 998 293 882 259 
159 602 131 425 941 
141 90 989 432 191 
12 607 187 309 666 
921 194 946 552 478 
695 616 357 610 993 
52 718 863 657 994 
871 706 461 510 705 
568 339 801 783 233 
835 199 984 731 273 
651 158 496 886 54 
457 616 168 220 211 
82 25 53 378 72 
361 626 169 66 373 
468 942 243 821 216 
103 902 702 195 873 
714 134 496 388 739 
95 426 172 888 812 
299 741 411 566 95 
929 109 327 816 4 
998 197 768 409 218 
396 555 307 629 531 
129 557 831 363 702 
16 886 930 809 681 
637 653 740 442 152 
140 332 645 390 495 
300 112 383 593 463 
86 811 933 520 783 
691 821 140 464 897 
785 519 864 520 647 
57 459 781 358 929 
25 955 320 295 604 
977 440 812 734 604 
243 924 31 101 172 
923 901 406 380 443 
345 197 767 108 53 
998 65 737 770 266 
777 976 501 501 722 
114 224 895 659 422 
197 707 318 406 331 
610 783 963 115 918 
870 474 489 669 908 
606 781 961 33 264 
227 943 483 764 223 
541 520 651 947 844 
550 331 785 130 556 
673 322 598 820 797 
422 903 975 771 440 
797 432 347 893 866 
759 12 95 877 721 
609 383 146 605 52 
118 900 870 447 975 
22 2 962 382 90 
569 531 32 151 767 
693 603 795 886 649 
364 757 995 632 667 
976 132 37 878 175 
847 437 944 261 604 
539 922 938 771 478 
131 679 6 605 103 
557 414 407 327 524 
884 299 352 363 494 
961 705 273 555 912 
649 295 446 362 662 
873 794 242 499 433 
80 519 617 796 975 
18 150 27 806 57 
877 116 360 669 88 
705 132 740 529 663 
289 943 871 759 321 
324 163 472 631 657 
815 920 630 691 811 
237 482 557 31 623 
90 792 368 641 43 
833 994 375 738 492 
235 39 81 894 644 
303 51 668 256 751 
480 138 378 921 978 
259 681 74 990 775 
535 93 281 105 836 
122 906 661 550 782 
384 385 809 21 57 
392 966 406 603 636 
697 915 232 937 852 
300 59 534 591 827 
971 849 127 145 219 
245 923 585 123 178 
531 817 476 388 753 
637 659 254 691 346 
420 823 731 303 812 
187 874 42 27 998 
71 627 834 716 761 
462 547 45 794 104 
533 622 683 510 532 
821 592 693 338 230 
108 743 20 443 148 
876 892 856 433 83 
165 22 602 478 668 
712 940 190 151 41 
896 892 868 191 565 
91 419 187 725 139 
141 468 499 849 536 
154 271 74 14 545 
484 811 559 518 520 
475 788 981 804 460 
471 544 397 434 172 
364 69 193 138 289 
179 384 188 442 906 
319 514 1000 58 875 
175 464 870 56 800 
633 857 111 651 424 
708 128 75 685 805 
266 812 310 304 21 
3 9 49 946 700 
158 27 151 832 845 
148 211 503 596 905 
137 839 710 189 412 
707 85 464 826 421 
545 804 103 619 905 
85 874 253 638 748 
708 802 198 784 58 
193 373 291 365 815 
634 223 968 819 177 
635 328 331 300 540 
949 355 167 362 284 
330 71 752 665 113 
197 625 115 548 522 
178 180 778 906 584 
872 837 716 39 120 
148 711 145 164 621 
542 192 854 487 236 
666 356 477 51 995 
986 61 396 333 600 
623 712 938 66 822 
348 790 581 15 967 
747 242 352 591 490 
124 231 636 266 990 
589 122 856 542 240 
800 365 562 545 513 
706 105 651 247 466 
541 940 31 112 591 
723 533 636 86 988 
780 651 710 706 143 
867 367 901 902 171 
387 165 30 643 649 
966 339 718 322 506 
364 286 781 99 425 
590 435 322 576 248 
492 999 137 392 285 
135 265 388 892 118 
169 303 7 830 983 
731 815 462 486 61 
157 320 525 6 781 
168 573 649 295 461 
522 554 386 409 726 
941 294 48 830 728 
595 711 667 423 367 
13 599 727 163 725 
865 531 122 16 500 
947 661 640 830 817 
63 855 192 767 906 
68 954 318 382 305 
765 9 842 134 456 
307 325 682 592 218 
184 562 888 74 29 
598 867 594 763 706 
962 694 769 540 388 
654 589 594 77 257 
46 657 227 976 28 
709 832 370 214 136 
43 219 935 350 972 
440 467 238 358 314 
602 809 833 547 74 
380 841 220 948 936 
378 350 941 155 964 
286 979 664 245 830 
711 462 686 334 920 
883 896 50 669 524 
691 758 73 981 942 
414 364 721 887 471 
444 43 879 423 797 
121 667 857 188 543 
525 772 952 276 91 
355 1 791 179 298 
393 294 795 116 685 
904 231 46 317 462 
41 243 98 277 597 
687 292 689 930 197 
142 814 883 88 387 
829 734 328 645 768 
450 903 18 823 444 
191 211 735 479 823 
192 767 987 502 232 
46 393 369 715 672 
147 312 716 523 679 
180 6 475 719 443 
244 684 72 875 66 
434 244 389 948 471 
317 391 535 618 711 
445 597 955 137 509 
594 458 456 175 845 
21 528 841 697 139 
935 742 673 234 856 
734 397 477 494 868 
572 683 870 611 182 
403 347 478 321 579 
428 411 798 984 616 
932 435 754 233 63 
213 310 164 146 436 
225 136 324 533 768 
586 428 209 685 302 
830 14 172 967 976 
739 826 376 19 359 
231 604 969 837 86 
446 818 922 12 172 
415 511 281 326 485 
30 331 32 908 993 
921 877 904 446 74 
321 241 783 328 999 
592 563 478 231 283 
719 346 398 38 384 
362 235 667 398 131 
206 269 652 649 482 
831 950 445 574 418 
99 488 477 742 761 
288 202 898 149 442 
858 845 131 935 712 
291 504 960 808 28 
846 633 530 65 239 
436 332 673 444 570 
99 370 509 164 359 
966 370 324 419 758 
185 596 213 126 803 
615 762 767 808 888 
867 887 192 836 678 
866 96 16 369 710 
228 223 374 503 539 
326 355 466 254 245 
251 50 344 791 89 
621 144 852 731 756 
685 271 354 295 628 
383 882 557 455 968 
721 312 7 940 352 
670 592 899 584 858 
664 101 428 83 248 
755 643 274 725 349 
266 602 61 14 492 
46 658 314 262 781 
574 520 604 587 721 
67 52 25 859 801 
441 421 313 122 194 
112 706 255 918 42 
559 696 636 577 244 
676 423 944 263 436 
367 668 502 853 911 
889 5 204 179 994 
480 967 382 671 847 
67 861 945 81 839 
489 631 944 833 850 
210 643 362 474 999 
534 889 888 716 68 
186 411 8 852 844 
310 183 701 40 198 
482 812 326 410 221 
729 292 89 894 781 
946 303 755 466 193 
127 774 29 85 471 
213 500 288 732 898 
931 360 226 360 775 
271 234 648 995 246 
286 266 34 800 288 
377 586 639 819 487 
895 366 438 212 88 
751 543 43 574 162 
712 65 10 794 812 
516 955 399 179 341 
123 435 923 128 401 
372 617 718 453 339 
3 380 657 124 194 
143 114 948 796 818 
175 405 256 484 861 
502 951 376 483 788 
345 535 160 370 808 
711 722 429 351 362 
333 483 437 248 216 
75 658 223 799 205 
156 197 977 356 297 
71 929 714 910 295 
207 807 702 41 33 
144 539 806 553 759 
528 695 41 482 727 
888 110 55 366 650 
428 350 513 899 10 
861 24 609 235 877 
485 453 101 174 899 
450 682 272 703 608 
796 885 684 271 523 
221 47 548 217 45 
155 931 870 861 193 
976 601 803 762 287 
64 188 857 557 907 
452 120 425 496 902 
156 500 343 781 422 
632 600 362 224 215 
124 806 586 650 880 
9 606 927 176 624 
399 984 242 30 170 
577 567 574 288 730 
341 285 998 514 938 
810 669 836 948 992 
552 679 614 195 238 
188 599 910 992 4 
27 817 866 549 941 
131 420 221 727 50 
849 734 292 177 743 
101 427 134 545 44 
400 249 473 124 277 
367 955 249 960 573 
308 704 270 190 386 
600 970 329 886 386 
376 142 790 483 104 
918 332 186 325 442 
687 453 272 698 791 
453 346 865 404 831 
609 790 669 319 143 
750 828 300 666 566 
704 150 391 511 335 
908 972 858 634 889 
625 989 766 320 710 
346 658 837 698 140 
303 389 389 923 758 
226 198 179 985 901 
739 604 602 520 752 
903 461 107 12 957 
407 127 604 468 770 
355 107 21 611 892 
146 557 309 32 44 
323 680 162 62 577 
38 564 831 737 322 
286 835 490 766 255 
700 35 291 192 884 
525 441 220 939 252 
41 852 613 334 137 
149 424 864 497 331 
889 85 716 294 793 
112 532 624 359 98 
801 651 518 415 257 
986 964 364 269 31 
266 674 705 540 705 
745 827 284 487 572 
561 212 884 906 265 
916 71 984 876 953 
692 613 644 566 874 
676 879 484 389 1 
366 256 803 104 680 
857 862 158 987 189 
891 481 988 40 293 
# Knapsacks:
9858 13387 14976 10241 14444 
9942 11193 13140 13785 11846 
11138 12523 13869 11261 11635 
10688 11091 10886 11466 14336 
13309 10518 11498 14559 10836 
10137 10449 11639 12917 13790 
14277 12808 10400 10420 13085 
11304 10045 13003 13101 12686 
10282 12632 12304 13311 14084 
68627 72942 70751 68611 70207 
