# Nr of Items 
100
# Nr of Knapsacks 
10
# Nr of Constraints 
5
# Items profits:
154 
303 
231 
406 
744 
208 
208 
262 
970 
883 
538 
188 
454 
450 
503 
677 
121 
956 
466 
935 
110 
630 
632 
107 
565 
523 
506 
419 
478 
70 
178 
707 
19 
259 
490 
912 
850 
898 
144 
708 
321 
797 
485 
817 
809 
813 
154 
66 
989 
841 
522 
342 
288 
264 
651 
245 
667 
147 
190 
753 
717 
940 
947 
542 
713 
778 
463 
243 
556 
635 
334 
208 
669 
585 
546 
47 
292 
783 
818 
156 
28 
578 
452 
501 
482 
857 
821 
827 
948 
925 
892 
504 
820 
514 
139 
935 
139 
956 
910 
935 

# Items weights:
160 953 155 444 577 
758 639 843 112 74 
472 182 44 580 898 
210 789 491 179 257 
842 995 590 228 539 
501 291 681 214 975 
650 318 748 419 911 
245 419 286 879 380 
255 183 746 336 7 
925 152 220 215 356 
134 620 617 80 950 
826 370 574 823 427 
389 578 235 102 533 
401 382 282 785 652 
201 919 20 266 418 
144 426 132 887 781 
500 747 295 421 57 
855 431 487 544 106 
247 823 313 561 511 
90 920 699 974 27 
583 118 606 975 911 
397 991 134 709 155 
248 736 709 72 300 
763 280 385 293 255 
3 301 705 581 666 
68 525 232 432 481 
901 325 662 378 489 
362 513 685 791 311 
790 350 85 550 150 
759 793 361 790 436 
82 870 965 367 264 
518 148 464 128 618 
912 648 967 841 60 
811 908 185 228 506 
668 196 797 293 446 
737 486 335 726 385 
307 214 960 814 805 
295 924 215 914 567 
403 184 588 471 593 
911 739 990 844 878 
869 883 65 938 909 
676 478 422 546 820 
416 632 632 930 619 
830 753 901 578 918 
147 117 639 881 967 
492 339 426 39 323 
159 355 162 52 484 
846 83 485 766 489 
175 228 871 594 726 
758 572 723 168 975 
293 425 149 188 258 
673 468 171 47 767 
410 240 273 615 720 
279 606 775 619 639 
681 868 190 933 652 
867 160 810 486 572 
57 15 656 938 771 
440 240 283 722 442 
317 418 548 948 712 
146 272 852 252 884 
786 580 294 234 348 
261 968 297 385 523 
853 145 920 117 563 
29 195 344 207 190 
934 242 243 165 777 
322 610 425 735 125 
821 225 148 963 816 
31 558 331 621 67 
439 712 198 660 437 
671 186 260 729 303 
629 359 750 270 302 
956 181 450 776 445 
706 66 48 611 466 
884 493 74 339 16 
335 605 877 410 958 
793 32 564 793 723 
797 447 439 606 655 
885 717 130 232 322 
230 907 754 255 241 
847 487 492 102 859 
432 846 111 189 426 
486 635 433 845 313 
8 882 375 564 420 
64 431 627 132 470 
903 705 9 170 334 
381 27 287 659 603 
571 748 305 540 718 
910 668 273 390 174 
373 458 934 967 413 
565 51 184 674 344 
730 870 544 66 151 
793 550 859 61 170 
281 577 844 369 853 
136 469 768 615 306 
712 911 12 189 473 
656 701 812 510 606 
395 381 262 1000 246 
371 65 277 639 813 
402 47 336 853 273 
870 380 904 769 502 
# Knapsacks:
2188 2215 2212 2745 2162 
2665 2864 2292 2097 2352 
2467 2719 2687 3049 2915 
2970 2706 2216 2533 2131 
2326 2102 2682 2565 2708 
2420 2562 2760 2890 2268 
2674 2715 2292 2104 2300 
2476 2885 2659 2832 2419 
2169 2430 2218 2513 2743 
14374 12729 12349 13785 14053 
