# Nr of Items 
500
# Nr of Knapsacks 
5
# Nr of Constraints 
5
# Items profits:
803 
170 
818 
63 
639 
927 
850 
448 
224 
980 
890 
395 
239 
13 
909 
870 
922 
955 
792 
897 
214 
53 
275 
214 
134 
640 
161 
499 
771 
120 
932 
948 
370 
261 
26 
762 
202 
576 
187 
567 
732 
348 
657 
640 
18 
854 
727 
10 
233 
166 
284 
878 
200 
844 
198 
974 
126 
140 
623 
734 
208 
131 
644 
789 
602 
928 
105 
170 
826 
180 
815 
887 
529 
259 
790 
410 
609 
194 
308 
680 
345 
911 
181 
401 
125 
293 
610 
175 
775 
414 
315 
863 
82 
432 
901 
503 
969 
841 
350 
7 
525 
683 
852 
393 
421 
641 
730 
385 
701 
225 
867 
470 
96 
48 
741 
336 
902 
58 
536 
1 
312 
712 
830 
981 
279 
168 
281 
610 
489 
818 
961 
881 
333 
101 
235 
828 
386 
671 
987 
118 
68 
867 
308 
342 
584 
961 
11 
157 
948 
234 
697 
828 
297 
689 
230 
440 
193 
636 
847 
679 
633 
137 
898 
392 
888 
627 
557 
279 
151 
755 
675 
872 
432 
352 
143 
351 
584 
576 
88 
567 
6 
789 
156 
969 
658 
89 
741 
16 
975 
395 
768 
620 
97 
664 
537 
37 
16 
459 
817 
748 
156 
95 
297 
838 
872 
144 
973 
530 
128 
54 
986 
734 
996 
795 
528 
46 
51 
576 
234 
526 
464 
164 
10 
971 
1 
286 
406 
782 
732 
551 
87 
610 
369 
489 
453 
210 
156 
291 
228 
549 
456 
980 
74 
506 
422 
572 
399 
212 
132 
183 
149 
296 
270 
817 
486 
11 
778 
675 
610 
445 
108 
501 
87 
121 
255 
187 
399 
515 
388 
522 
829 
777 
361 
520 
65 
59 
340 
96 
408 
404 
93 
76 
158 
424 
577 
449 
461 
276 
842 
791 
443 
145 
696 
887 
81 
185 
228 
404 
687 
977 
104 
828 
49 
599 
369 
852 
621 
994 
294 
727 
604 
381 
55 
776 
909 
364 
991 
549 
686 
742 
658 
115 
995 
506 
217 
572 
517 
499 
746 
348 
845 
508 
744 
32 
695 
517 
562 
31 
880 
101 
108 
90 
833 
863 
128 
396 
866 
366 
529 
539 
225 
569 
235 
85 
529 
584 
509 
564 
155 
493 
879 
972 
137 
5 
981 
88 
151 
893 
522 
353 
825 
46 
295 
624 
680 
578 
986 
735 
822 
237 
48 
420 
357 
813 
772 
47 
669 
243 
453 
560 
236 
841 
637 
466 
828 
866 
366 
43 
681 
814 
443 
698 
744 
548 
77 
584 
794 
94 
748 
345 
319 
545 
234 
545 
341 
939 
221 
975 
199 
964 
986 
510 
374 
742 
307 
135 
412 
5 
18 
641 
757 
120 
140 
10 
77 
239 
568 
476 
830 
579 
726 
154 
639 
26 
33 
729 
782 
353 
462 
543 
479 
337 
195 
751 
907 
139 
65 
772 
651 
5 
267 
171 
371 
339 
741 
578 
233 
783 
615 
579 
659 
162 
80 
946 
341 
144 
52 
499 
281 
209 
687 
262 
70 
996 
216 
100 
962 
538 
679 
408 
736 
546 
104 
999 
596 
943 
823 
576 
482 
740 

# Items weights:
675 682 812 534 857 
373 463 632 186 884 
148 951 772 884 653 
24 49 90 313 56 
222 571 44 767 330 
304 738 535 230 772 
550 752 71 674 822 
519 817 496 828 976 
35 201 535 20 887 
953 701 464 343 165 
833 831 730 100 730 
582 285 608 457 925 
960 2 450 429 47 
29 145 633 594 857 
196 860 257 177 624 
294 72 29 277 39 
185 345 422 323 733 
147 148 778 431 415 
173 674 399 13 85 
739 801 821 914 834 
482 353 284 841 594 
396 332 495 7 15 
71 518 117 763 249 
667 878 366 890 187 
962 335 937 684 110 
778 375 91 895 523 
684 918 595 106 192 
206 632 203 746 303 
465 572 490 75 6 
283 642 261 716 902 
810 340 52 481 758 
86 635 791 89 306 
553 746 151 640 558 
678 631 301 654 727 
177 969 85 948 457 
703 244 87 487 12 
248 379 106 974 335 
755 838 662 270 373 
898 810 509 37 433 
863 225 19 199 28 
802 405 720 722 760 
398 854 427 624 547 
816 503 228 436 145 
901 549 412 446 887 
954 497 941 187 607 
84 233 133 634 924 
112 839 791 16 598 
492 314 405 74 952 
464 688 563 290 408 
394 28 691 987 39 
947 958 673 180 29 
936 725 924 108 649 
211 765 658 939 508 
612 12 687 502 842 
17 584 850 244 608 
390 902 673 143 239 
431 439 664 235 665 
410 659 510 53 841 
703 932 82 255 465 
175 46 861 615 681 
318 852 665 600 167 
947 362 902 551 479 
369 99 165 659 731 
108 8 603 580 144 
386 824 638 973 663 
196 405 544 3 482 
191 759 687 172 759 
106 625 513 645 158 
111 644 872 348 148 
880 979 935 915 130 
882 340 584 325 67 
838 321 478 126 745 
140 712 972 418 37 
401 116 102 91 705 
222 643 296 741 179 
600 208 484 235 184 
730 570 72 63 840 
348 433 892 128 51 
9 970 867 893 802 
682 818 245 18 267 
362 629 707 636 295 
64 336 689 10 445 
41 374 4 173 201 
865 228 329 310 742 
602 44 824 100 141 
61 54 577 354 345 
744 882 812 795 261 
201 197 85 583 485 
583 844 562 117 296 
968 980 271 685 63 
282 470 251 741 987 
484 775 963 892 520 
122 542 592 124 152 
300 747 626 48 763 
292 250 484 834 31 
306 228 160 970 431 
781 860 880 709 956 
857 584 642 155 37 
173 961 939 365 487 
696 570 839 35 110 
126 64 438 785 682 
743 441 138 135 50 
967 223 753 146 339 
60 407 298 136 600 
497 744 221 342 727 
138 143 438 800 838 
494 939 142 32 351 
678 86 448 216 758 
457 901 435 651 585 
102 547 709 276 917 
806 206 148 206 550 
472 425 678 215 880 
535 592 72 218 507 
187 530 311 755 620 
56 690 337 983 662 
765 14 905 200 648 
127 260 974 517 376 
33 17 86 197 995 
788 877 532 511 417 
59 899 153 516 677 
793 944 1000 474 365 
531 906 999 648 716 
838 180 477 52 913 
124 435 774 377 949 
380 690 366 936 377 
391 797 305 696 155 
148 49 760 62 914 
575 695 157 629 728 
931 870 62 848 991 
778 488 915 205 119 
980 391 889 703 738 
626 749 299 649 467 
683 45 451 197 561 
471 745 689 193 686 
569 641 88 469 691 
91 821 958 911 225 
649 559 425 373 13 
224 951 366 464 180 
846 607 357 476 382 
288 536 418 933 121 
543 770 957 542 739 
362 958 929 495 107 
776 697 891 269 488 
861 1000 784 712 438 
462 753 456 418 348 
11 64 803 525 562 
351 490 752 682 759 
181 139 463 298 880 
532 223 507 613 91 
166 365 454 702 921 
804 647 41 456 172 
22 633 526 101 447 
270 810 154 226 85 
996 852 934 428 937 
298 31 377 844 969 
159 889 14 918 175 
237 241 956 554 507 
347 713 714 693 655 
168 473 338 223 3 
996 529 723 444 363 
676 326 72 766 982 
138 230 595 897 577 
220 865 688 947 936 
432 980 338 735 134 
222 781 888 200 984 
297 178 594 161 934 
144 900 516 740 208 
368 802 363 178 131 
291 460 592 903 441 
340 445 708 185 848 
679 887 205 864 583 
262 428 735 378 547 
483 26 439 456 462 
623 122 688 599 908 
623 805 816 440 768 
218 78 250 253 765 
144 936 835 46 305 
145 716 814 306 128 
967 863 568 870 554 
120 388 833 876 862 
726 764 679 300 718 
420 450 424 141 506 
49 738 212 702 205 
623 5 299 354 714 
93 113 711 38 587 
91 845 19 803 958 
143 501 134 349 4 
575 940 994 700 719 
772 401 665 652 830 
809 541 710 57 758 
129 569 9 965 35 
89 562 466 311 712 
239 268 557 623 786 
239 672 201 63 554 
988 824 977 48 720 
473 54 767 38 422 
168 751 924 179 616 
860 755 29 879 209 
947 726 902 793 845 
766 502 825 705 583 
936 487 171 92 824 
877 224 497 981 493 
8 452 416 478 91 
239 892 818 959 41 
734 851 592 377 353 
150 319 185 550 713 
882 17 890 769 199 
422 554 53 110 903 
412 126 458 253 491 
261 869 159 250 965 
527 423 305 611 703 
295 375 352 471 89 
248 531 868 794 355 
773 689 213 562 679 
66 45 61 929 37 
248 961 521 651 782 
815 775 544 972 509 
191 762 959 107 322 
173 96 518 104 921 
458 273 35 369 261 
339 516 511 661 178 
89 91 781 114 673 
566 1000 374 857 401 
53 594 969 902 462 
173 217 526 684 914 
849 935 589 159 707 
813 922 532 837 579 
990 299 440 484 12 
905 619 297 260 329 
833 278 827 107 16 
242 673 573 490 656 
403 33 199 613 436 
975 760 354 92 261 
628 639 956 450 617 
402 724 404 269 490 
188 831 777 973 958 
439 151 513 914 189 
838 373 813 922 810 
530 836 322 359 477 
722 398 528 772 522 
267 537 429 311 50 
359 195 799 371 66 
633 772 77 58 424 
698 509 123 561 722 
680 212 448 639 488 
358 312 573 693 928 
584 544 147 881 899 
801 691 72 385 277 
788 651 997 582 588 
752 980 130 662 494 
316 878 142 883 809 
912 385 664 615 640 
384 256 619 869 238 
426 345 806 82 504 
425 520 577 449 902 
385 562 312 922 310 
565 403 747 251 871 
745 828 504 233 684 
622 593 824 756 209 
479 403 989 659 64 
537 505 588 149 562 
696 410 228 957 58 
55 836 763 753 602 
80 947 398 948 300 
345 327 645 239 806 
665 892 454 10 285 
237 113 241 254 811 
132 188 141 987 440 
127 844 546 849 625 
32 228 899 533 735 
502 824 519 834 681 
813 329 877 245 438 
901 899 923 708 125 
998 174 966 622 342 
290 749 258 209 723 
312 623 731 908 793 
695 95 827 811 285 
290 665 471 127 524 
83 299 407 846 408 
842 165 399 162 765 
531 654 973 147 23 
360 924 403 219 249 
571 753 961 664 108 
419 357 82 412 825 
667 79 376 852 130 
29 257 434 792 530 
559 40 785 311 930 
460 913 689 105 399 
808 508 243 870 808 
983 174 98 638 685 
809 700 846 772 785 
627 334 167 609 705 
855 169 768 925 540 
832 319 896 814 225 
440 839 605 85 906 
916 461 702 64 788 
878 796 227 102 772 
499 94 662 796 680 
808 154 297 223 391 
368 589 837 248 912 
966 20 170 736 646 
676 845 604 622 703 
239 717 611 475 868 
649 4 761 515 444 
913 459 245 44 93 
442 303 75 468 891 
781 954 56 714 304 
922 700 863 815 565 
132 764 150 214 851 
975 834 795 102 308 
218 662 841 993 316 
322 158 111 528 758 
829 78 753 587 351 
685 400 699 266 220 
698 64 941 918 801 
216 187 17 130 440 
557 128 940 42 304 
153 394 312 444 216 
747 985 343 562 340 
103 6 858 949 842 
334 715 390 675 38 
859 829 363 116 357 
427 683 733 285 628 
50 397 510 496 728 
812 996 411 460 159 
186 822 438 52 818 
709 970 518 366 737 
608 405 742 127 863 
325 360 117 143 174 
435 597 869 776 691 
60 623 729 961 285 
960 130 906 486 645 
932 814 450 213 852 
729 246 248 5 434 
917 233 523 912 94 
860 757 695 428 404 
216 681 867 600 705 
660 676 383 723 446 
616 995 473 43 624 
944 388 961 826 158 
328 948 857 201 634 
462 421 451 628 495 
510 865 648 264 62 
770 70 647 930 977 
738 85 257 878 524 
248 570 226 539 591 
282 219 195 157 817 
602 861 13 544 260 
718 923 32 95 990 
615 92 937 102 129 
475 721 539 321 53 
162 611 884 533 743 
502 384 886 476 105 
4 313 770 805 180 
735 334 230 112 410 
462 30 562 223 492 
663 704 597 282 730 
182 253 951 969 592 
288 398 372 908 687 
187 685 695 323 667 
647 785 354 892 205 
664 290 19 70 237 
169 448 660 373 711 
667 841 900 548 536 
536 442 41 186 138 
664 593 735 138 1 
224 725 738 442 886 
94 669 53 274 557 
962 133 12 166 498 
996 783 905 253 530 
876 72 227 934 915 
817 847 662 925 142 
723 573 619 2 561 
230 753 237 920 175 
886 637 205 597 943 
385 725 696 783 710 
745 553 36 380 13 
16 753 503 262 281 
299 58 314 461 43 
727 802 276 526 566 
285 848 515 819 220 
47 688 413 622 902 
71 201 580 238 917 
252 775 710 368 133 
217 115 905 280 824 
282 170 232 680 948 
155 469 433 675 698 
285 227 954 910 799 
321 863 664 871 989 
851 789 418 492 873 
406 481 583 128 275 
511 292 32 779 872 
156 81 219 892 800 
979 987 664 535 328 
854 53 840 690 930 
842 363 714 674 977 
522 440 169 206 993 
297 757 888 446 644 
471 162 486 490 389 
744 541 987 492 736 
382 7 577 384 704 
346 910 362 689 965 
696 697 598 274 825 
846 85 281 56 331 
252 497 966 667 921 
64 14 473 162 697 
308 376 375 991 190 
696 660 282 153 309 
307 852 715 486 11 
878 981 482 484 467 
949 893 843 382 848 
424 410 977 477 109 
675 847 6 479 811 
289 252 179 677 791 
913 218 131 353 723 
990 906 129 160 469 
990 60 712 552 588 
599 776 564 85 210 
751 176 965 464 876 
943 618 807 406 374 
266 128 385 699 370 
930 439 376 877 885 
82 701 577 16 310 
138 698 242 703 512 
683 662 119 287 344 
156 906 659 425 321 
84 743 590 664 169 
364 825 277 905 271 
123 576 455 881 464 
515 161 219 151 331 
378 894 328 799 66 
626 723 618 482 605 
541 127 721 396 298 
949 115 978 359 608 
77 214 179 423 209 
230 798 72 147 909 
836 791 687 371 970 
668 44 705 66 352 
781 188 551 846 372 
239 153 413 287 485 
832 997 45 474 709 
825 926 749 83 589 
103 813 733 57 328 
476 341 26 595 290 
936 792 985 193 147 
708 129 892 153 515 
191 811 816 392 192 
784 116 828 125 502 
326 756 882 506 469 
617 59 271 116 289 
613 664 771 637 978 
950 421 984 525 460 
777 171 91 998 775 
218 186 784 188 813 
986 313 288 397 863 
348 343 109 727 384 
493 378 464 245 709 
434 637 348 286 107 
210 164 701 894 674 
363 42 797 47 683 
523 323 374 491 280 
583 295 329 135 749 
530 579 231 72 206 
123 273 122 28 643 
294 406 133 420 273 
502 45 432 423 690 
250 584 946 982 243 
730 307 179 751 646 
299 239 456 882 339 
361 348 147 752 874 
460 231 901 266 537 
389 230 696 530 111 
391 60 987 986 788 
603 924 462 989 638 
961 840 529 932 594 
676 275 496 729 357 
139 60 931 363 692 
176 960 624 116 179 
945 107 930 628 923 
777 70 536 517 897 
369 553 144 247 50 
560 892 537 861 951 
258 683 299 68 666 
72 883 374 148 175 
375 152 20 329 788 
388 214 924 225 777 
359 988 508 168 159 
550 443 904 571 67 
681 260 779 830 135 
726 742 789 196 484 
201 926 198 367 509 
84 629 273 686 564 
50 535 308 405 881 
284 967 850 293 747 
927 304 564 287 617 
396 310 99 450 211 
923 562 741 815 213 
308 196 653 681 668 
257 486 778 525 449 
410 682 140 2 188 
# Knapsacks:
12171 12125 19492 11399 13225 
11647 15753 18807 10312 18620 
14968 12198 20378 11410 10783 
13079 12861 19534 12882 13571 
57634 61404 54267 57607 60005 
