# Nr of Items 
200
# Nr of Knapsacks 
10
# Nr of Constraints 
5
# Items profits:
520 
9 
866 
778 
552 
468 
678 
761 
496 
899 
889 
625 
535 
181 
573 
798 
309 
157 
298 
14 
863 
398 
478 
323 
752 
308 
757 
14 
728 
352 
729 
108 
767 
531 
729 
539 
985 
416 
981 
156 
690 
21 
951 
642 
746 
681 
522 
400 
113 
205 
461 
941 
602 
734 
135 
834 
523 
176 
443 
776 
562 
899 
412 
413 
920 
297 
720 
215 
951 
68 
768 
719 
510 
579 
108 
333 
419 
348 
626 
785 
919 
738 
15 
822 
700 
183 
795 
735 
464 
273 
928 
941 
330 
992 
674 
325 
970 
492 
206 
230 
348 
402 
862 
575 
356 
238 
402 
916 
330 
281 
134 
464 
166 
163 
513 
50 
139 
129 
307 
579 
942 
567 
765 
341 
703 
212 
739 
460 
614 
452 
836 
607 
422 
872 
551 
759 
251 
518 
70 
189 
686 
694 
214 
782 
430 
353 
547 
505 
480 
203 
750 
958 
383 
225 
530 
63 
362 
290 
865 
130 
579 
392 
762 
35 
37 
998 
757 
285 
172 
994 
19 
464 
688 
796 
937 
339 
921 
356 
84 
66 
642 
318 
758 
679 
576 
375 
734 
900 
243 
840 
954 
398 
51 
825 
15 
882 
90 
973 
221 
385 

# Items weights:
238 257 626 165 174 
752 324 553 930 692 
643 753 410 881 662 
671 185 189 786 507 
702 772 454 618 54 
635 840 623 401 425 
708 706 142 72 734 
879 807 79 20 507 
499 699 454 40 270 
864 706 128 833 93 
797 644 288 30 186 
40 928 778 608 549 
166 401 339 439 27 
869 593 636 951 709 
984 643 600 303 751 
303 727 799 626 375 
955 525 194 60 938 
447 688 77 261 316 
866 685 756 606 142 
235 262 232 255 54 
960 941 735 828 166 
14 276 238 507 316 
457 925 425 899 968 
325 661 994 308 587 
36 39 378 766 840 
485 90 910 645 794 
246 229 152 573 848 
769 984 723 589 415 
938 10 963 35 581 
672 364 115 587 486 
596 162 963 512 421 
676 788 853 386 265 
740 255 494 384 876 
509 116 127 667 617 
296 947 862 262 933 
828 681 402 826 691 
361 164 40 697 117 
725 117 391 647 86 
119 40 200 385 924 
740 304 878 746 553 
720 806 8 286 604 
784 312 79 267 690 
875 878 184 597 291 
934 685 777 437 498 
763 861 503 632 85 
149 267 280 830 557 
415 800 728 98 730 
831 453 107 77 333 
942 35 793 555 214 
424 802 106 695 647 
655 374 926 22 343 
376 599 551 263 870 
62 300 387 581 777 
978 729 91 953 180 
202 536 135 997 357 
784 853 609 802 824 
507 462 700 332 136 
62 238 576 46 377 
24 730 538 660 991 
387 602 504 534 65 
662 792 709 858 903 
767 474 207 998 861 
365 112 636 488 362 
286 716 462 592 865 
844 781 369 739 262 
955 447 547 967 522 
5 818 23 986 95 
817 514 363 947 172 
154 41 21 812 5 
84 593 216 372 610 
830 200 354 556 240 
588 566 366 798 444 
288 217 153 572 982 
250 640 460 882 811 
569 613 797 180 39 
915 979 533 460 888 
15 670 470 685 927 
986 724 885 253 68 
738 231 346 111 554 
99 695 472 430 617 
171 585 712 171 814 
835 686 294 398 5 
164 52 517 389 194 
451 520 802 97 712 
506 974 434 18 652 
524 716 970 550 44 
655 124 229 682 160 
645 497 873 261 905 
876 452 653 330 188 
160 59 871 250 891 
882 692 26 713 407 
371 836 34 66 444 
169 354 233 69 329 
395 885 309 616 716 
58 344 310 186 310 
251 872 502 755 503 
143 243 762 111 604 
658 524 398 623 518 
818 927 501 316 67 
628 676 809 997 150 
170 873 950 35 212 
280 364 444 674 133 
929 265 37 530 962 
335 289 902 96 12 
554 603 474 499 924 
580 387 103 388 598 
615 147 839 705 876 
47 290 60 692 800 
481 450 529 31 882 
100 667 972 267 113 
137 936 580 766 889 
874 997 765 12 697 
75 582 453 851 91 
350 909 775 671 543 
993 895 426 371 591 
654 762 122 748 291 
701 268 804 236 48 
954 870 883 19 162 
152 795 709 681 505 
750 769 737 613 928 
391 770 693 242 796 
715 348 869 66 112 
893 316 911 158 42 
955 743 167 295 296 
114 304 561 70 708 
499 400 766 98 921 
555 442 873 663 40 
980 449 647 772 714 
235 359 555 827 166 
555 476 54 667 461 
743 433 824 853 450 
687 990 650 314 577 
991 493 321 504 684 
609 125 578 463 767 
808 660 746 243 906 
821 232 30 375 729 
598 389 274 411 327 
176 273 976 289 189 
734 5 974 436 876 
707 369 952 366 984 
201 689 102 837 180 
596 329 94 265 78 
276 258 752 160 430 
284 200 746 87 671 
316 251 489 716 443 
819 326 71 429 723 
919 416 163 359 727 
616 316 318 858 886 
125 118 233 162 859 
174 262 174 856 608 
453 290 982 883 600 
673 263 617 667 212 
707 848 372 458 640 
151 959 362 581 745 
423 826 793 873 887 
706 923 169 765 621 
481 673 844 794 671 
937 745 993 636 125 
968 685 293 782 303 
823 191 368 482 658 
442 524 267 760 453 
356 431 133 218 751 
260 625 792 717 130 
176 953 696 264 454 
339 100 504 128 867 
391 85 11 851 536 
891 913 463 950 888 
870 971 598 668 780 
908 703 992 131 733 
588 169 543 83 951 
220 886 259 911 14 
237 665 768 289 474 
823 453 526 8 855 
864 853 994 238 106 
235 758 53 381 985 
481 704 911 689 401 
736 399 509 845 783 
481 554 765 854 579 
452 919 722 698 504 
378 311 285 944 859 
892 323 945 494 487 
327 613 708 996 773 
574 499 280 703 894 
536 889 505 999 829 
27 77 379 2 361 
500 277 140 701 580 
369 629 472 58 182 
752 631 559 205 275 
814 150 538 756 633 
373 425 981 901 217 
201 313 515 280 773 
142 697 241 487 144 
666 496 242 742 423 
39 324 978 261 580 
394 415 797 291 213 
593 836 114 647 443 
676 367 578 630 499 
66 339 309 391 337 
162 439 54 284 877 
19 139 550 639 451 
# Knapsacks:
6078 5045 4701 4614 5787 
5981 6122 5491 4034 5790 
5010 4447 4986 4701 5399 
5441 5216 4470 4714 4965 
4690 6031 5692 5318 4842 
6217 5128 4503 5209 4906 
4332 6042 4511 4787 5852 
6040 6131 5106 5584 4452 
5168 4622 5864 5383 4207 
27817 27867 27341 27740 28001 
