# Nr of Items 
100
# Nr of Knapsacks 
10
# Nr of Constraints 
5
# Items profits:
166 
347 
596 
946 
240 
96 
737 
684 
840 
867 
951 
934 
328 
72 
545 
997 
764 
30 
997 
482 
597 
159 
755 
855 
457 
958 
325 
128 
285 
264 
781 
851 
853 
20 
634 
225 
438 
963 
676 
468 
963 
697 
107 
439 
334 
91 
885 
234 
675 
343 
758 
476 
145 
520 
191 
199 
185 
528 
240 
928 
958 
884 
798 
596 
67 
524 
422 
413 
713 
377 
240 
380 
823 
342 
886 
950 
456 
641 
819 
391 
442 
95 
493 
322 
850 
428 
76 
608 
585 
985 
777 
869 
682 
228 
193 
351 
386 
516 
400 
30 

# Items weights:
156 107 889 690 484 
706 840 33 345 983 
499 337 865 530 618 
817 849 560 200 157 
274 104 978 542 451 
788 444 629 225 615 
53 880 625 77 201 
335 829 217 258 33 
464 810 978 589 373 
943 748 642 983 852 
136 63 421 824 173 
160 820 28 462 501 
591 682 726 325 386 
937 308 719 705 247 
930 341 480 54 97 
229 439 82 276 290 
665 440 982 575 516 
312 784 148 774 816 
170 270 191 535 316 
460 382 147 676 27 
26 10 292 191 413 
942 414 964 489 686 
130 950 16 576 214 
904 797 373 657 590 
578 811 276 770 732 
653 13 410 516 995 
565 372 205 270 498 
283 856 554 679 512 
768 716 819 582 807 
130 441 334 414 547 
673 496 752 348 108 
583 89 638 246 91 
112 688 962 998 769 
940 69 151 70 925 
76 806 447 97 355 
175 397 13 357 161 
236 184 35 683 412 
516 232 337 38 295 
825 666 888 348 854 
569 492 472 535 265 
869 779 890 397 782 
613 234 527 449 965 
642 482 644 113 634 
598 262 631 98 24 
898 658 780 17 694 
212 524 161 462 177 
502 255 895 817 369 
742 87 726 996 568 
774 876 618 641 102 
473 260 814 748 570 
107 493 701 734 946 
359 739 858 549 243 
292 215 205 351 162 
611 863 233 596 487 
156 583 149 405 158 
782 572 100 161 527 
21 919 585 931 406 
197 109 30 787 868 
699 133 856 51 504 
187 920 716 67 770 
911 469 381 913 163 
422 537 557 182 331 
271 695 338 962 131 
552 636 614 915 413 
62 123 88 244 137 
947 327 716 189 210 
725 999 142 98 150 
40 341 647 498 484 
974 763 164 407 909 
549 837 424 49 715 
425 539 716 64 826 
83 105 814 945 99 
925 963 989 799 587 
73 204 811 654 357 
485 625 749 866 689 
655 227 806 910 449 
404 308 874 996 10 
769 429 741 417 694 
238 450 939 321 559 
879 581 98 568 863 
933 182 969 173 381 
550 932 550 68 523 
45 192 165 975 811 
430 245 478 30 504 
909 327 205 47 527 
129 193 385 918 637 
203 497 888 408 205 
171 41 523 997 618 
362 426 706 103 886 
844 850 730 796 868 
594 66 110 938 152 
854 539 538 479 306 
420 353 366 388 104 
35 746 710 436 142 
113 573 457 349 304 
8 190 974 341 322 
327 484 905 214 623 
224 22 808 301 888 
991 812 414 347 28 
949 87 653 791 92 
# Knapsacks:
1487 1294 1466 1657 1725 
1458 1575 1607 1887 1832 
1033 1512 1351 962 1429 
1062 1499 1190 1730 1741 
1071 1828 1416 1180 1535 
1248 1001 1704 1258 1634 
1595 1636 2107 1482 1556 
1886 1018 1251 1669 1812 
1435 1728 1325 1425 1537 
10874 10429 12037 10418 9365 
