# Nr of Items 
500
# Nr of Knapsacks 
5
# Nr of Constraints 
2
# Items profits:
58 
52 
41 
6 
92 
11 
95 
17 
51 
13 
27 
48 
90 
20 
18 
50 
28 
56 
47 
79 
24 
85 
71 
4 
43 
49 
55 
73 
64 
66 
61 
73 
82 
41 
68 
61 
69 
61 
84 
63 
99 
6 
47 
94 
67 
29 
40 
98 
9 
47 
53 
50 
13 
42 
79 
29 
2 
47 
81 
26 
2 
37 
47 
20 
59 
76 
95 
3 
33 
52 
34 
41 
27 
60 
43 
9 
53 
70 
16 
71 
85 
48 
39 
49 
54 
78 
18 
21 
10 
48 
51 
67 
39 
75 
65 
70 
44 
67 
39 
23 
59 
31 
28 
34 
7 
39 
62 
70 
49 
64 
60 
60 
31 
9 
6 
44 
4 
8 
50 
44 
56 
19 
13 
2 
76 
43 
5 
26 
14 
4 
51 
69 
63 
52 
42 
20 
94 
41 
54 
36 
77 
61 
18 
86 
8 
21 
33 
20 
66 
10 
40 
40 
64 
13 
14 
17 
76 
4 
14 
48 
74 
39 
61 
57 
61 
9 
67 
68 
97 
57 
35 
31 
23 
82 
12 
68 
8 
29 
48 
79 
72 
54 
64 
3 
33 
53 
10 
3 
15 
88 
51 
74 
53 
79 
93 
55 
30 
47 
81 
61 
16 
52 
2 
11 
55 
47 
25 
32 
31 
52 
56 
43 
98 
73 
71 
50 
88 
95 
43 
28 
89 
29 
6 
94 
46 
16 
80 
51 
61 
7 
55 
68 
15 
72 
42 
88 
47 
99 
96 
51 
36 
39 
53 
75 
57 
83 
91 
12 
98 
28 
74 
81 
71 
12 
98 
80 
72 
99 
41 
74 
95 
35 
45 
81 
58 
77 
60 
26 
85 
40 
7 
4 
5 
64 
42 
7 
28 
32 
61 
14 
8 
83 
93 
44 
12 
98 
74 
18 
30 
19 
5 
14 
74 
48 
11 
7 
100 
54 
88 
6 
44 
89 
85 
77 
32 
38 
40 
91 
59 
8 
50 
32 
37 
48 
24 
15 
52 
21 
80 
30 
89 
52 
68 
1 
24 
90 
73 
7 
26 
51 
57 
7 
81 
25 
54 
7 
94 
83 
82 
39 
19 
15 
80 
45 
96 
56 
18 
25 
28 
42 
43 
28 
49 
11 
29 
62 
21 
13 
19 
89 
100 
89 
27 
9 
38 
86 
78 
21 
30 
83 
73 
56 
7 
69 
77 
22 
64 
27 
40 
18 
70 
13 
35 
86 
9 
36 
52 
97 
27 
92 
48 
28 
5 
51 
99 
52 
5 
50 
16 
5 
54 
6 
88 
5 
63 
54 
91 
19 
90 
28 
30 
58 
76 
9 
68 
38 
98 
29 
83 
2 
96 
5 
67 
53 
99 
45 
53 
40 
9 
46 
58 
12 
76 
33 
52 
57 
47 
53 
4 
43 
50 
55 
75 
41 
98 
8 
38 
16 
57 
5 
19 
82 
39 
66 
57 
20 
68 
48 
64 
29 
91 
22 
83 
81 
9 
36 
37 
38 
8 
36 
22 
71 
31 
60 
7 
71 
18 
89 
29 
6 
39 
85 
90 
15 
68 
61 
59 
24 
41 
11 
93 
12 
70 
42 
23 
66 
97 
25 
34 
44 

# Items weights:
77 26 
36 54 
66 19 
17 27 
46 43 
100 10 
19 29 
97 7 
49 1 
100 34 
67 9 
19 91 
83 38 
27 86 
44 32 
81 87 
38 32 
15 91 
72 47 
59 29 
86 67 
75 17 
100 45 
64 68 
23 98 
9 99 
5 82 
81 67 
89 26 
64 68 
75 79 
93 92 
62 77 
97 64 
39 1 
14 4 
45 98 
55 45 
17 91 
53 39 
56 89 
40 3 
36 15 
67 48 
8 31 
83 30 
98 100 
56 7 
88 1 
17 94 
53 24 
53 64 
39 62 
80 54 
99 65 
65 100 
28 7 
42 3 
11 50 
28 76 
5 6 
31 93 
28 68 
66 41 
89 55 
86 7 
18 91 
71 11 
79 44 
28 71 
97 36 
52 18 
91 99 
96 89 
82 20 
93 47 
75 38 
14 29 
70 83 
73 41 
34 87 
13 77 
49 70 
73 74 
98 58 
7 73 
27 94 
77 5 
84 16 
45 10 
43 71 
5 23 
17 18 
77 10 
33 22 
31 91 
90 63 
49 9 
39 80 
5 4 
60 100 
21 77 
28 4 
22 56 
50 82 
25 96 
83 51 
31 70 
75 6 
40 83 
19 35 
37 29 
12 37 
13 72 
61 25 
6 80 
61 38 
85 65 
12 5 
41 36 
15 9 
58 32 
21 25 
59 17 
22 86 
35 59 
86 76 
52 56 
60 11 
1 84 
28 13 
42 18 
61 83 
98 14 
89 80 
64 94 
11 20 
5 28 
89 78 
3 26 
14 56 
42 15 
14 6 
7 71 
29 65 
76 15 
91 15 
34 42 
89 30 
9 11 
9 36 
39 56 
24 6 
78 29 
73 7 
13 74 
34 84 
76 45 
62 54 
74 18 
23 77 
58 82 
95 74 
71 15 
40 56 
25 67 
54 34 
94 87 
87 92 
6 5 
75 43 
19 90 
27 11 
100 94 
19 58 
64 80 
86 97 
23 6 
37 10 
23 48 
59 99 
88 98 
32 53 
47 61 
23 31 
71 45 
32 53 
96 93 
23 50 
94 83 
18 49 
56 81 
100 51 
97 9 
15 22 
92 53 
90 99 
12 16 
81 8 
34 95 
65 41 
7 3 
73 82 
97 48 
2 63 
90 63 
90 97 
34 31 
67 18 
36 41 
47 62 
59 2 
37 72 
78 27 
67 7 
44 15 
97 64 
51 48 
17 85 
5 12 
59 44 
34 6 
71 71 
86 63 
15 23 
68 99 
89 46 
64 61 
36 97 
31 36 
51 65 
42 75 
39 72 
21 62 
100 88 
50 2 
67 1 
35 31 
30 86 
76 40 
78 36 
77 8 
99 5 
60 43 
88 85 
31 85 
39 66 
70 99 
42 69 
48 42 
16 61 
2 13 
28 5 
80 22 
94 50 
77 22 
11 54 
97 43 
19 82 
45 46 
36 33 
100 31 
3 85 
98 13 
41 82 
42 18 
55 13 
50 45 
14 52 
76 53 
81 70 
35 71 
78 31 
13 88 
71 25 
83 72 
49 71 
82 61 
3 22 
61 20 
41 82 
84 39 
70 58 
84 33 
68 57 
79 98 
6 61 
33 5 
77 16 
79 96 
83 21 
30 50 
64 52 
17 22 
7 84 
69 67 
80 73 
55 19 
42 85 
37 77 
99 29 
88 2 
97 47 
5 45 
93 23 
35 43 
70 14 
56 33 
74 42 
64 62 
57 7 
18 86 
79 90 
90 79 
74 99 
39 15 
73 45 
20 11 
82 40 
93 44 
60 77 
18 48 
33 44 
46 83 
86 81 
30 1 
37 14 
39 61 
95 14 
49 49 
98 31 
15 45 
34 71 
60 61 
79 42 
14 81 
63 88 
2 14 
97 81 
59 98 
69 36 
92 89 
63 85 
9 45 
79 15 
27 26 
8 65 
15 9 
5 32 
90 28 
89 91 
5 60 
36 73 
58 82 
99 10 
43 58 
15 28 
57 51 
10 48 
60 65 
43 65 
95 92 
21 88 
52 39 
79 18 
92 7 
22 20 
57 91 
5 78 
7 77 
22 94 
68 98 
72 7 
83 5 
86 5 
45 34 
86 83 
53 76 
80 12 
95 13 
94 83 
14 93 
56 82 
61 68 
47 44 
11 86 
19 97 
15 23 
4 66 
67 77 
94 84 
22 49 
96 66 
41 100 
62 32 
8 45 
63 63 
88 24 
88 60 
10 68 
75 45 
95 81 
63 33 
11 30 
93 19 
97 63 
21 30 
50 32 
63 63 
2 6 
43 43 
29 24 
19 89 
40 47 
19 13 
86 8 
54 29 
70 40 
8 63 
51 14 
68 14 
7 54 
29 52 
42 5 
13 32 
59 10 
18 2 
62 8 
68 41 
15 47 
27 22 
46 67 
8 20 
47 40 
4 29 
92 30 
86 39 
5 83 
66 68 
9 4 
91 20 
36 58 
16 71 
48 30 
55 50 
71 62 
1 41 
72 57 
36 30 
69 88 
63 100 
48 62 
62 9 
39 43 
42 71 
26 7 
38 5 
21 4 
74 23 
80 12 
19 89 
17 100 
36 14 
20 24 
20 1 
89 59 
71 63 
54 86 
89 23 
48 76 
7 3 
93 64 
45 8 
33 73 
99 20 
15 83 
40 35 
52 45 
4 25 
54 18 
99 1 
50 25 
70 17 
100 44 
24 42 
12 11 
62 65 
45 33 
52 32 
64 27 
35 38 
68 52 
92 10 
48 52 
67 64 
60 75 
16 86 
3 7 
54 39 
27 30 
# Knapsacks:
2707 2535 
2145 1940 
2680 2550 
2501 2722 
7822 7114 
