# Nr of Items 
500
# Nr of Knapsacks 
10
# Nr of Constraints 
5
# Items profits:
44 
80 
47 
50 
42 
80 
82 
90 
60 
4 
7 
28 
35 
38 
98 
59 
8 
55 
18 
24 
75 
55 
91 
95 
26 
46 
24 
52 
80 
27 
11 
4 
90 
19 
65 
54 
75 
44 
51 
95 
16 
48 
20 
70 
28 
11 
81 
53 
40 
74 
92 
27 
99 
63 
54 
77 
11 
3 
62 
82 
84 
82 
44 
96 
71 
31 
75 
17 
62 
86 
96 
66 
10 
2 
9 
76 
4 
53 
40 
31 
98 
63 
78 
70 
53 
3 
30 
58 
23 
53 
35 
67 
83 
99 
29 
2 
39 
13 
77 
19 
51 
50 
6 
93 
63 
100 
15 
5 
58 
4 
72 
79 
82 
41 
9 
39 
6 
41 
1 
86 
84 
56 
13 
92 
84 
41 
83 
44 
96 
67 
32 
16 
46 
22 
39 
95 
10 
40 
28 
13 
5 
65 
11 
67 
64 
12 
15 
48 
16 
72 
84 
38 
68 
12 
46 
99 
67 
8 
96 
46 
11 
66 
79 
84 
51 
95 
76 
64 
3 
33 
38 
40 
63 
63 
86 
49 
5 
76 
62 
28 
48 
92 
64 
64 
54 
9 
68 
62 
24 
28 
50 
38 
49 
51 
61 
27 
51 
70 
50 
80 
10 
14 
24 
82 
43 
1 
86 
19 
91 
33 
77 
95 
83 
97 
43 
10 
30 
100 
62 
23 
47 
58 
39 
85 
100 
5 
28 
94 
76 
37 
44 
67 
39 
77 
46 
95 
6 
9 
98 
36 
28 
27 
44 
21 
16 
83 
51 
78 
76 
35 
72 
40 
12 
28 
13 
100 
50 
96 
15 
99 
8 
6 
74 
37 
6 
98 
4 
43 
38 
54 
98 
8 
51 
70 
67 
70 
46 
70 
67 
86 
41 
100 
54 
68 
35 
76 
27 
45 
78 
68 
35 
84 
70 
64 
7 
26 
92 
3 
42 
87 
76 
76 
58 
39 
92 
67 
38 
2 
39 
31 
59 
93 
43 
82 
72 
55 
73 
24 
57 
30 
40 
53 
86 
52 
50 
75 
62 
3 
39 
17 
57 
34 
5 
68 
74 
33 
19 
61 
78 
74 
50 
76 
79 
79 
44 
85 
7 
22 
16 
78 
23 
26 
64 
95 
1 
43 
76 
19 
52 
38 
73 
53 
59 
23 
15 
36 
90 
79 
28 
75 
69 
20 
8 
75 
71 
16 
2 
5 
81 
71 
6 
33 
78 
5 
38 
86 
1 
21 
64 
64 
10 
37 
29 
37 
10 
4 
68 
10 
46 
71 
47 
7 
85 
38 
11 
11 
4 
49 
27 
42 
4 
87 
10 
49 
60 
63 
43 
59 
57 
6 
11 
83 
17 
79 
98 
23 
8 
72 
31 
72 
83 
63 
20 
20 
93 
35 
36 
20 
44 
8 
18 
88 
59 
87 
8 
31 
11 
88 
13 
52 
20 
83 
19 
94 
43 
76 
78 
90 
55 
39 
72 
52 
19 
82 
76 
19 
48 
39 
68 
26 
65 
7 
79 
12 
78 
34 
92 
29 
45 
20 
86 
35 
12 
66 
74 
59 
54 
48 
1 
34 
14 
2 
15 
21 
80 
36 
34 
78 
88 
26 

# Items weights:
63 14 48 40 47 
48 1 12 10 27 
99 85 61 41 46 
71 84 9 74 22 
57 56 44 67 60 
48 25 82 29 83 
40 43 49 5 23 
73 100 36 41 83 
84 40 36 87 7 
15 19 33 36 10 
77 4 59 56 2 
67 72 40 7 50 
42 31 69 75 10 
20 95 53 16 50 
35 15 96 12 91 
44 93 73 94 24 
61 73 58 37 13 
41 12 39 65 89 
65 14 89 22 54 
43 43 6 17 2 
73 84 28 45 88 
46 3 33 95 77 
87 44 78 97 75 
3 5 94 78 69 
66 25 14 63 7 
77 100 32 80 24 
47 52 57 15 64 
53 43 45 65 59 
34 91 50 61 60 
53 75 67 18 92 
31 96 36 31 47 
11 35 18 92 11 
4 10 49 35 59 
46 33 55 3 94 
8 31 13 82 36 
15 57 33 25 96 
68 89 49 55 48 
26 97 70 19 93 
34 60 43 43 68 
27 28 4 43 12 
8 97 25 86 33 
16 60 26 2 90 
41 85 27 23 30 
17 51 81 86 76 
84 17 49 10 55 
88 22 29 52 96 
56 65 1 26 89 
82 53 85 78 65 
32 81 97 70 53 
7 7 6 43 57 
95 95 10 89 41 
18 50 89 97 67 
24 12 38 94 65 
41 48 8 25 22 
65 78 68 18 68 
97 73 72 79 89 
26 42 66 5 49 
9 16 48 97 1 
69 51 27 12 61 
94 84 85 61 21 
40 94 95 93 99 
39 64 82 22 84 
67 63 52 29 50 
14 96 76 51 58 
93 10 63 83 38 
95 80 75 83 30 
79 71 48 86 54 
41 67 68 22 96 
40 43 39 53 10 
55 4 91 6 100 
47 3 49 3 78 
98 28 32 27 62 
58 54 3 34 23 
73 48 19 48 84 
11 56 50 73 34 
1 63 41 62 97 
19 59 67 62 75 
95 65 42 51 40 
8 18 30 31 35 
79 99 53 85 82 
92 77 18 61 27 
24 82 99 58 65 
99 38 40 82 6 
39 43 32 95 7 
8 11 49 60 21 
77 25 83 44 40 
49 22 14 2 78 
69 41 69 74 96 
93 59 4 19 46 
94 84 82 37 59 
1 53 20 3 4 
37 83 12 26 6 
19 14 74 74 96 
76 1 61 49 55 
54 72 29 61 1 
36 82 88 12 69 
47 6 7 76 83 
81 74 100 16 64 
52 25 52 70 57 
24 30 9 69 32 
16 73 56 31 67 
76 38 88 40 49 
59 19 18 3 72 
7 45 10 21 71 
24 27 3 76 63 
29 11 21 87 95 
49 92 73 94 75 
59 100 63 44 62 
58 73 55 92 49 
66 39 75 23 77 
98 56 6 88 42 
9 53 86 37 87 
28 65 85 68 55 
97 52 92 60 72 
14 92 80 55 83 
13 68 61 19 3 
41 91 78 15 43 
59 24 95 35 35 
84 20 59 85 28 
63 63 24 63 95 
90 32 31 7 89 
6 15 8 30 67 
39 69 97 6 55 
2 47 94 14 51 
23 98 86 44 92 
57 52 45 85 3 
88 60 1 5 56 
7 61 59 64 84 
6 6 84 62 3 
62 24 65 44 7 
93 50 18 84 52 
5 62 65 86 40 
73 31 10 58 30 
13 87 74 3 35 
25 10 75 5 34 
37 20 91 29 31 
39 45 49 62 81 
37 94 11 41 16 
9 67 84 23 8 
2 95 44 97 47 
58 55 24 63 67 
48 8 6 91 48 
55 88 30 39 50 
5 5 43 8 20 
17 25 77 17 63 
50 5 45 83 28 
92 19 73 56 28 
76 51 88 21 67 
90 75 5 67 96 
62 95 67 82 76 
42 100 100 35 79 
78 91 34 54 73 
87 77 31 84 35 
49 8 98 54 5 
93 63 57 84 91 
96 44 90 31 16 
67 86 24 83 26 
53 14 25 33 36 
52 81 76 88 28 
11 61 17 90 99 
1 26 55 69 94 
78 64 15 17 96 
27 28 9 46 12 
95 83 44 33 16 
51 25 33 79 4 
1 92 57 78 31 
54 63 100 91 5 
21 47 66 39 24 
86 70 89 73 66 
76 59 30 40 30 
63 20 70 22 47 
63 10 63 4 20 
47 81 59 19 90 
95 56 60 79 16 
63 11 1 86 14 
54 62 98 49 72 
62 74 51 11 97 
30 13 79 54 58 
80 1 65 67 7 
94 87 22 17 15 
48 67 61 44 27 
80 93 56 53 87 
66 62 80 37 98 
18 99 55 48 31 
97 11 33 98 48 
37 81 34 71 92 
81 11 93 17 75 
67 46 68 87 24 
44 14 76 4 39 
33 36 78 77 31 
83 85 56 59 29 
5 63 97 25 9 
33 23 36 9 43 
3 80 93 2 95 
89 77 62 27 12 
39 2 42 94 15 
69 11 10 9 13 
25 19 56 42 68 
46 3 76 52 33 
90 16 100 3 28 
22 60 54 90 18 
11 32 18 55 90 
89 100 12 33 21 
85 47 17 21 100 
76 59 87 44 5 
16 3 32 39 26 
81 36 8 35 31 
61 100 79 100 92 
68 38 6 5 53 
23 21 62 29 34 
87 93 21 45 57 
37 96 3 36 98 
22 56 91 50 98 
50 14 53 44 19 
9 78 92 25 51 
89 72 26 59 21 
79 56 57 61 79 
48 41 78 88 53 
67 65 93 57 68 
9 97 66 69 64 
46 79 5 57 91 
57 93 20 41 64 
21 79 38 4 58 
21 70 68 11 62 
65 71 98 15 47 
54 39 72 75 15 
73 20 80 51 62 
41 45 6 34 22 
80 81 13 35 73 
13 46 92 9 40 
60 92 96 92 74 
78 94 45 26 91 
59 69 88 64 37 
94 63 74 34 92 
76 49 17 10 21 
21 61 18 12 40 
62 13 54 62 2 
50 45 52 76 18 
6 74 75 96 1 
22 95 12 5 91 
67 47 31 49 80 
58 19 1 32 31 
32 66 72 83 65 
1 50 82 24 100 
21 56 71 21 14 
19 94 60 84 81 
11 12 99 61 75 
73 99 64 69 98 
54 2 63 37 97 
30 77 70 77 67 
80 34 72 89 86 
84 38 22 25 87 
100 11 84 100 89 
60 93 3 42 19 
49 35 13 44 68 
67 21 50 11 75 
34 100 42 37 25 
78 33 80 72 33 
76 61 53 54 59 
5 22 8 47 20 
51 28 53 55 3 
100 11 36 100 5 
25 11 99 40 31 
46 33 48 63 22 
68 19 73 79 98 
76 94 31 57 15 
35 28 78 55 36 
19 92 53 85 63 
17 16 69 17 54 
35 15 41 84 47 
66 35 77 8 35 
12 40 23 40 30 
94 24 94 79 22 
9 57 61 7 33 
100 26 39 23 37 
23 1 32 11 90 
17 77 36 58 94 
56 97 66 99 33 
55 89 55 88 1 
94 86 97 24 39 
77 88 62 43 93 
92 19 83 59 99 
16 12 59 95 28 
60 83 20 59 42 
67 32 89 20 78 
67 24 98 70 27 
28 93 51 12 79 
46 54 6 62 68 
72 57 72 89 18 
89 46 36 89 44 
13 88 78 64 18 
34 80 78 91 82 
51 54 91 84 7 
59 16 34 12 23 
17 81 30 74 77 
21 85 38 37 21 
82 37 71 2 30 
2 12 88 93 40 
20 78 43 31 9 
7 64 15 40 74 
68 83 51 53 20 
4 23 6 57 38 
52 87 19 11 42 
36 57 16 57 85 
51 5 6 29 46 
88 50 90 38 58 
55 80 66 87 66 
15 33 13 40 96 
13 41 79 11 8 
41 44 42 3 86 
78 43 5 18 11 
26 31 36 14 16 
89 38 99 13 76 
22 5 77 44 33 
42 13 86 96 63 
18 86 98 39 53 
55 44 55 81 2 
65 26 77 7 4 
50 69 61 43 66 
46 72 1 54 9 
78 74 87 26 30 
16 63 69 67 5 
25 77 62 89 81 
48 42 46 69 72 
56 69 15 19 31 
73 4 63 55 27 
59 72 69 67 63 
29 35 62 58 3 
24 99 90 8 96 
100 21 98 88 10 
80 58 39 14 6 
60 29 92 93 68 
56 85 2 63 49 
76 55 56 93 14 
1 80 17 46 6 
93 36 100 28 23 
11 62 96 68 21 
3 13 95 30 32 
69 37 68 78 75 
9 67 40 11 82 
86 34 55 34 28 
41 33 98 78 25 
91 16 80 83 26 
23 49 42 46 88 
14 72 89 77 58 
60 1 80 93 24 
68 92 64 45 27 
98 86 58 22 20 
91 57 11 75 12 
31 19 9 92 76 
2 47 6 16 46 
21 95 98 100 57 
69 99 39 64 88 
90 58 23 72 8 
88 8 3 61 20 
56 30 52 33 5 
9 68 72 34 52 
51 43 30 55 81 
79 54 7 88 74 
71 37 94 17 61 
83 41 3 6 9 
29 81 89 36 59 
94 43 27 89 4 
54 99 3 49 63 
40 72 22 5 68 
36 46 34 82 32 
32 91 6 99 94 
48 19 35 78 33 
100 43 44 17 59 
77 48 1 97 99 
64 43 38 76 45 
64 85 38 40 47 
68 47 45 42 51 
41 38 55 98 82 
75 71 74 35 89 
5 36 66 92 100 
28 10 65 54 78 
89 13 79 91 13 
27 21 50 89 43 
32 38 8 78 26 
52 62 96 86 97 
33 3 70 65 69 
96 67 95 77 6 
4 100 54 61 44 
33 36 2 91 77 
44 96 89 42 49 
37 45 82 9 37 
98 44 29 39 78 
3 7 75 6 13 
25 17 77 67 40 
19 62 53 4 6 
86 21 47 34 47 
23 27 26 97 37 
18 8 20 3 64 
47 35 43 14 75 
15 63 73 34 44 
61 15 25 17 94 
51 84 57 95 100 
74 60 51 31 71 
73 72 36 93 35 
78 60 33 66 71 
95 38 60 17 24 
19 11 19 21 52 
88 9 34 71 80 
66 48 93 95 57 
80 49 72 82 84 
22 16 12 74 29 
25 12 93 96 55 
78 60 51 100 1 
29 72 70 73 100 
73 40 31 36 88 
23 8 49 97 19 
29 23 71 30 81 
39 11 68 50 75 
10 26 68 93 47 
78 37 93 68 52 
57 6 94 99 17 
29 26 8 51 27 
1 93 10 72 30 
46 94 17 75 55 
61 6 15 48 44 
34 94 28 95 65 
21 92 90 22 94 
83 61 8 17 28 
84 93 63 22 83 
27 35 80 67 44 
51 37 26 62 2 
28 39 53 62 10 
27 38 56 6 55 
67 73 17 32 9 
67 64 71 51 76 
87 94 52 79 28 
45 21 56 29 38 
36 72 19 5 63 
88 30 85 29 11 
19 2 77 8 32 
29 1 2 81 18 
19 52 42 74 56 
95 7 1 24 73 
67 9 55 94 82 
36 3 74 27 82 
62 62 31 67 80 
34 41 80 98 89 
56 59 77 90 33 
23 88 72 80 75 
32 26 18 75 71 
90 55 4 8 93 
97 64 14 36 51 
42 11 24 72 19 
3 67 63 33 42 
96 39 100 94 71 
63 57 75 97 63 
1 45 77 47 18 
7 47 85 83 72 
73 40 96 72 79 
97 3 23 99 37 
4 32 69 91 80 
59 28 21 67 81 
81 30 93 46 41 
80 81 8 84 95 
53 50 94 44 35 
5 61 98 89 100 
10 78 75 6 10 
35 49 39 59 81 
48 87 40 13 88 
1 64 14 81 56 
68 19 41 97 91 
23 24 59 7 40 
24 55 29 16 29 
94 50 48 6 85 
67 84 74 30 79 
86 95 3 43 33 
100 97 71 23 27 
46 95 79 64 42 
38 8 9 31 67 
94 68 11 9 45 
22 46 30 86 87 
100 63 57 40 97 
8 37 48 31 59 
46 19 6 59 57 
67 21 51 59 44 
56 79 51 11 15 
45 78 87 22 1 
42 94 33 30 15 
36 1 37 31 98 
64 30 46 12 68 
9 11 80 61 96 
90 2 52 62 42 
14 7 68 62 35 
2 33 22 19 3 
86 76 40 77 58 
49 84 66 28 48 
16 45 1 83 5 
32 20 55 39 17 
52 22 19 92 93 
97 69 8 85 1 
16 65 87 14 48 
70 47 15 73 58 
59 10 78 3 75 
96 55 68 85 84 
# Knapsacks:
746 623 727 623 940 
576 931 915 755 802 
854 825 608 943 908 
721 607 748 721 524 
840 629 707 611 513 
990 939 736 722 877 
807 921 887 601 890 
878 915 536 995 698 
504 889 962 805 639 
5418 5305 5683 5629 5536 
