# Nr of Items 
500
# Nr of Knapsacks 
10
# Nr of Constraints 
2
# Items profits:
10 
33 
61 
93 
49 
39 
20 
69 
46 
62 
18 
77 
9 
35 
18 
66 
62 
91 
51 
64 
61 
25 
9 
51 
97 
69 
27 
70 
15 
32 
21 
83 
28 
18 
16 
64 
12 
64 
49 
85 
10 
76 
18 
74 
4 
50 
21 
56 
28 
21 
54 
25 
79 
7 
60 
90 
58 
23 
90 
93 
79 
73 
47 
47 
81 
23 
47 
26 
91 
55 
37 
89 
8 
92 
18 
82 
11 
83 
41 
37 
59 
100 
25 
40 
54 
82 
76 
90 
19 
56 
9 
57 
84 
45 
76 
100 
37 
28 
80 
77 
58 
1 
71 
36 
47 
39 
89 
21 
25 
86 
30 
57 
11 
89 
73 
65 
44 
6 
55 
55 
64 
27 
63 
70 
50 
10 
96 
73 
80 
51 
20 
24 
45 
2 
94 
99 
68 
36 
8 
80 
51 
63 
52 
55 
56 
63 
61 
93 
96 
11 
66 
30 
37 
37 
5 
69 
77 
78 
55 
51 
69 
31 
13 
67 
89 
14 
44 
53 
51 
55 
46 
65 
51 
90 
35 
4 
97 
54 
99 
39 
26 
61 
77 
23 
37 
97 
26 
36 
90 
91 
53 
78 
29 
73 
59 
14 
49 
56 
96 
20 
68 
89 
27 
50 
75 
7 
59 
60 
3 
31 
47 
46 
19 
88 
21 
82 
98 
80 
52 
17 
52 
87 
71 
61 
100 
15 
49 
82 
13 
38 
66 
26 
59 
53 
5 
78 
62 
54 
45 
54 
90 
65 
30 
24 
42 
11 
60 
54 
42 
64 
83 
67 
83 
39 
75 
89 
26 
65 
80 
41 
94 
39 
62 
59 
31 
84 
41 
25 
13 
87 
43 
11 
78 
17 
92 
40 
87 
36 
84 
64 
65 
80 
64 
54 
60 
55 
74 
78 
87 
53 
35 
37 
79 
82 
92 
4 
66 
5 
66 
71 
3 
33 
74 
38 
46 
14 
36 
71 
74 
17 
11 
7 
9 
1 
27 
6 
6 
23 
96 
67 
94 
18 
35 
61 
100 
40 
83 
5 
33 
4 
81 
64 
56 
38 
63 
88 
100 
64 
94 
75 
76 
27 
26 
29 
36 
90 
51 
84 
5 
51 
10 
41 
68 
89 
59 
45 
45 
42 
45 
22 
95 
34 
53 
57 
96 
28 
76 
73 
98 
84 
35 
10 
4 
75 
10 
56 
11 
48 
24 
66 
30 
3 
30 
16 
9 
68 
36 
53 
35 
14 
93 
66 
7 
63 
48 
28 
75 
28 
50 
20 
97 
37 
99 
51 
38 
83 
57 
8 
54 
18 
3 
70 
83 
95 
66 
75 
93 
43 
13 
2 
9 
69 
87 
22 
32 
5 
90 
43 
86 
7 
30 
43 
32 
68 
61 
90 
35 
16 
5 
98 
97 
72 
16 
67 
38 
67 
88 
99 
24 
21 
83 
30 
55 
83 
47 
93 
87 
90 
40 
25 
28 
7 
94 
3 
93 
12 
98 
79 
2 
54 
25 
62 
60 
75 
38 
29 
15 
34 
57 
28 
17 
22 
90 
91 
57 
64 
10 
100 
96 
26 
69 
70 
74 
5 
92 
35 
22 
46 
61 
62 

# Items weights:
21 7 
85 15 
5 43 
66 90 
30 77 
50 77 
76 84 
67 47 
73 51 
97 79 
17 42 
46 17 
93 48 
58 22 
36 40 
57 10 
54 50 
66 60 
75 29 
10 59 
42 50 
26 37 
7 46 
18 80 
26 92 
47 56 
35 98 
82 13 
45 48 
13 49 
18 9 
10 4 
73 71 
50 7 
15 15 
51 94 
45 36 
86 59 
16 20 
12 37 
60 36 
74 57 
84 93 
65 47 
15 12 
25 64 
62 37 
58 5 
27 63 
35 93 
87 34 
43 100 
33 11 
45 17 
73 82 
81 29 
43 30 
79 71 
46 79 
68 25 
73 10 
63 42 
7 27 
43 95 
65 88 
66 24 
93 37 
18 98 
85 47 
32 31 
78 4 
35 99 
49 37 
28 13 
50 18 
85 52 
93 84 
82 79 
37 10 
30 32 
53 7 
86 88 
13 83 
32 82 
20 91 
6 92 
49 90 
91 33 
72 41 
11 20 
57 58 
9 89 
48 98 
65 89 
30 43 
50 69 
8 26 
34 4 
74 20 
27 58 
97 58 
26 89 
44 26 
83 95 
17 86 
69 93 
61 39 
14 91 
95 19 
88 9 
71 92 
15 43 
20 74 
45 93 
88 67 
92 66 
74 45 
91 43 
4 85 
92 28 
74 66 
40 49 
8 76 
97 11 
20 87 
35 38 
54 53 
36 65 
15 77 
8 89 
34 48 
78 65 
71 18 
66 84 
11 21 
45 9 
59 2 
79 75 
63 80 
92 18 
17 33 
64 89 
53 38 
60 19 
29 100 
58 16 
100 83 
73 80 
31 37 
69 74 
2 99 
81 58 
60 29 
76 4 
80 28 
100 45 
34 65 
56 35 
5 25 
44 75 
93 89 
22 98 
93 11 
43 92 
66 26 
80 69 
71 37 
80 31 
72 51 
52 57 
55 18 
83 19 
7 35 
94 29 
19 87 
54 94 
48 5 
12 46 
78 99 
97 68 
11 8 
55 88 
87 36 
97 24 
3 86 
88 3 
48 51 
38 72 
27 13 
33 77 
9 32 
38 11 
75 74 
67 54 
24 51 
62 3 
42 91 
82 95 
7 27 
88 55 
24 7 
92 17 
86 93 
35 19 
93 64 
37 69 
77 33 
28 50 
60 29 
71 81 
17 27 
6 9 
5 5 
3 89 
90 1 
96 33 
22 21 
9 96 
60 1 
2 88 
45 74 
78 3 
67 56 
87 54 
52 52 
35 3 
54 93 
27 14 
39 92 
38 11 
49 93 
62 80 
46 11 
53 29 
39 1 
64 65 
47 60 
30 2 
78 87 
66 7 
65 51 
3 14 
53 54 
94 52 
23 21 
46 42 
8 64 
91 57 
34 26 
98 5 
88 37 
86 8 
18 41 
90 98 
51 23 
58 91 
65 58 
6 72 
32 88 
10 97 
33 41 
88 16 
79 25 
69 91 
43 79 
40 91 
78 65 
77 23 
33 52 
37 4 
59 34 
97 79 
81 21 
49 77 
15 88 
54 61 
44 63 
35 39 
9 99 
2 61 
26 64 
67 52 
29 12 
17 82 
72 49 
58 5 
93 4 
80 10 
26 2 
49 60 
20 89 
78 3 
72 87 
13 19 
6 82 
13 34 
82 47 
42 9 
63 70 
76 59 
63 51 
41 66 
52 72 
56 76 
49 93 
23 22 
6 59 
62 72 
40 64 
92 99 
5 57 
39 20 
63 69 
76 92 
66 58 
74 48 
77 67 
54 49 
68 99 
75 39 
85 34 
22 53 
20 24 
25 29 
44 41 
61 79 
97 56 
87 59 
20 35 
30 5 
31 20 
75 30 
41 90 
91 57 
1 83 
36 21 
40 4 
79 86 
98 13 
10 85 
47 71 
78 18 
88 74 
53 10 
81 79 
25 24 
35 22 
66 83 
60 69 
45 53 
69 36 
46 55 
37 63 
91 38 
11 73 
13 31 
37 24 
20 81 
78 99 
47 46 
72 83 
43 25 
9 86 
15 8 
79 52 
39 48 
18 6 
88 19 
55 95 
95 79 
87 3 
82 51 
17 44 
44 82 
61 98 
49 11 
91 8 
75 54 
45 29 
13 70 
56 82 
24 43 
8 7 
19 77 
8 22 
31 87 
78 83 
32 13 
15 47 
93 85 
63 23 
76 53 
87 59 
91 8 
77 9 
96 16 
97 50 
20 15 
6 28 
89 89 
1 52 
29 6 
58 96 
50 87 
54 20 
59 4 
21 61 
21 52 
77 50 
17 21 
59 3 
76 23 
3 12 
31 15 
41 13 
74 2 
46 1 
10 87 
96 38 
96 46 
34 58 
45 30 
37 4 
30 66 
92 47 
78 70 
15 68 
90 95 
67 43 
39 60 
86 31 
34 35 
87 28 
81 76 
14 17 
81 45 
90 78 
55 71 
76 72 
13 16 
72 22 
18 12 
81 35 
9 64 
80 27 
89 22 
91 96 
20 48 
85 21 
60 96 
65 24 
42 48 
2 82 
12 16 
56 83 
9 92 
88 90 
58 58 
12 16 
89 86 
46 7 
40 40 
54 51 
11 5 
92 67 
37 63 
71 42 
29 69 
98 94 
79 44 
14 37 
43 83 
12 36 
56 5 
91 78 
73 70 
22 35 
59 100 
96 90 
80 25 
6 78 
6 41 
93 67 
86 81 
95 14 
5 48 
96 47 
22 19 
98 90 
61 90 
47 33 
77 34 
4 43 
38 46 
82 2 
49 15 
85 49 
82 41 
17 50 
1 86 
# Knapsacks:
1419 1294 
1266 1465 
1265 1366 
1445 1247 
1363 1311 
1037 1444 
1535 1465 
1337 1383 
1090 1239 
7023 6277 
