# Nr of Items 
50
# Nr of Knapsacks 
10
# Nr of Constraints 
5
# Items profits:
587 
693 
632 
528 
28 
552 
689 
861 
326 
7 
416 
367 
823 
97 
489 
224 
911 
358 
866 
414 
824 
760 
487 
976 
661 
260 
116 
913 
702 
601 
809 
434 
745 
278 
134 
435 
817 
910 
399 
290 
962 
815 
575 
136 
153 
317 
577 
41 
879 
450 

# Items weights:
458 994 827 223 174 
639 843 54 396 153 
322 817 56 901 738 
579 619 682 525 830 
697 163 362 682 81 
626 412 177 661 9 
501 401 730 306 919 
519 114 623 204 27 
734 753 355 849 888 
990 939 608 987 510 
533 368 839 691 754 
276 41 316 73 17 
308 569 538 428 828 
923 433 975 562 537 
160 154 21 326 180 
345 106 460 262 331 
387 94 726 893 486 
608 101 153 802 951 
270 812 516 19 520 
481 846 366 126 406 
10 506 807 640 945 
354 597 814 411 693 
935 814 332 730 769 
464 452 760 592 835 
70 210 823 557 172 
958 717 870 625 596 
281 298 217 191 120 
844 743 508 499 545 
738 724 594 387 174 
595 604 933 183 223 
928 700 473 72 500 
189 195 590 409 932 
141 947 430 413 728 
962 309 878 958 313 
796 651 465 484 640 
21 414 277 39 546 
448 856 516 919 758 
606 978 928 46 881 
23 509 692 84 650 
921 825 471 851 985 
53 545 997 297 95 
813 906 317 361 374 
261 982 828 251 7 
872 487 661 299 10 
409 893 95 873 681 
741 138 758 726 156 
235 584 239 856 656 
440 500 653 539 961 
20 276 758 940 447 
505 814 33 915 677 
# Knapsacks:
939 1071 647 998 711 
818 741 708 719 985 
606 832 714 628 579 
766 574 760 555 535 
890 911 834 865 667 
734 964 547 712 624 
943 910 555 914 1003 
691 842 692 621 537 
984 842 916 902 818 
5285 6020 6218 5445 5685 
