# Nr of Items 
200
# Nr of Knapsacks 
5
# Nr of Constraints 
5
# Items profits:
831 
662 
592 
147 
153 
494 
120 
925 
357 
318 
547 
631 
743 
339 
395 
933 
211 
373 
750 
664 
857 
365 
428 
234 
87 
149 
167 
800 
594 
501 
426 
759 
486 
889 
179 
976 
522 
524 
226 
245 
606 
681 
929 
658 
636 
813 
618 
838 
891 
407 
541 
216 
944 
689 
767 
274 
620 
325 
988 
738 
2 
432 
647 
949 
590 
619 
13 
323 
647 
630 
551 
838 
806 
556 
925 
907 
222 
242 
484 
808 
939 
793 
593 
589 
555 
760 
485 
804 
857 
11 
856 
73 
677 
583 
398 
339 
318 
900 
589 
722 
345 
370 
797 
136 
223 
70 
568 
329 
699 
947 
328 
443 
338 
673 
100 
607 
203 
986 
948 
479 
621 
808 
473 
878 
933 
537 
335 
931 
901 
524 
939 
63 
678 
74 
166 
739 
192 
86 
456 
460 
869 
614 
14 
664 
866 
225 
349 
654 
695 
871 
278 
162 
642 
61 
481 
503 
824 
54 
226 
92 
405 
507 
943 
553 
488 
509 
648 
400 
457 
775 
391 
828 
795 
877 
662 
653 
434 
184 
253 
339 
526 
256 
393 
367 
455 
584 
766 
910 
864 
455 
967 
790 
541 
666 
498 
24 
238 
115 
829 
509 

# Items weights:
239 539 785 823 540 
940 504 587 440 854 
456 878 459 192 776 
532 852 258 709 969 
817 136 105 810 442 
805 781 801 21 511 
578 247 402 315 350 
166 126 21 66 66 
738 747 566 98 743 
373 701 21 858 419 
944 436 561 471 838 
882 157 362 527 336 
457 869 440 518 840 
271 549 832 860 47 
760 751 627 443 309 
195 13 727 27 723 
579 415 726 496 425 
963 159 17 786 185 
591 977 349 218 552 
828 986 232 686 15 
450 717 355 539 523 
265 355 907 480 481 
777 279 229 729 506 
581 85 813 227 768 
806 413 881 620 621 
429 648 978 239 943 
40 745 158 701 979 
221 533 303 871 572 
318 766 96 986 966 
564 912 549 326 105 
849 478 650 270 744 
533 255 673 832 790 
686 42 302 182 207 
347 200 43 676 373 
189 426 21 487 473 
321 247 106 31 856 
705 788 799 604 244 
837 893 608 596 690 
668 745 758 908 317 
481 590 831 815 479 
95 427 269 697 322 
957 473 200 456 665 
115 874 936 747 54 
426 698 500 292 458 
583 197 767 676 849 
798 13 842 607 312 
766 790 388 101 810 
801 321 227 918 921 
52 309 93 749 122 
585 637 197 344 852 
805 591 951 475 710 
615 776 850 340 377 
2 607 385 17 216 
998 320 724 269 869 
129 553 241 249 492 
876 196 336 674 101 
456 247 798 773 218 
904 598 172 298 877 
855 245 178 942 508 
287 528 239 268 749 
311 743 291 159 198 
332 32 763 788 472 
698 442 845 523 845 
707 71 113 665 817 
216 159 15 809 710 
481 812 26 771 612 
443 882 568 704 540 
610 902 70 609 277 
488 946 772 206 69 
199 447 587 136 552 
963 652 49 131 322 
659 981 347 720 973 
838 168 792 51 809 
611 146 194 568 351 
910 452 681 561 633 
903 51 970 33 353 
458 951 406 552 522 
600 118 478 880 989 
57 189 594 444 454 
870 173 136 572 233 
119 801 455 125 672 
773 496 191 368 663 
555 849 515 932 959 
470 176 985 730 144 
320 162 438 590 383 
437 550 1000 361 542 
95 700 498 270 636 
139 515 60 157 940 
189 320 646 840 260 
576 697 493 831 947 
510 381 983 921 776 
502 567 35 473 883 
438 202 757 747 191 
806 498 21 960 930 
207 789 487 580 552 
872 63 242 5 573 
620 586 131 318 978 
188 310 232 427 978 
114 862 861 818 730 
110 408 7 747 327 
526 571 58 246 200 
971 34 712 483 578 
207 822 569 671 598 
862 67 807 340 717 
304 540 158 280 350 
630 864 730 874 972 
482 835 859 865 295 
87 879 581 110 166 
477 795 780 211 3 
386 136 788 223 261 
265 293 871 720 816 
932 48 869 23 802 
53 227 669 224 266 
671 992 720 154 97 
818 639 353 358 378 
808 588 380 992 686 
277 24 331 394 701 
301 614 742 219 90 
64 870 289 257 995 
809 497 920 835 541 
573 855 610 223 75 
135 201 916 14 328 
374 201 359 229 959 
479 888 173 758 710 
587 439 135 550 337 
817 277 377 10 120 
185 632 502 259 130 
861 717 276 438 499 
700 219 395 127 75 
948 692 548 846 608 
801 247 747 45 666 
902 926 708 925 255 
338 862 199 214 339 
888 182 55 908 728 
799 585 126 400 96 
56 784 84 541 766 
789 829 503 961 367 
543 834 41 783 937 
623 341 191 993 519 
947 774 893 972 184 
854 89 898 630 517 
311 108 502 989 864 
981 852 440 273 26 
873 714 163 678 365 
253 828 895 238 945 
134 630 951 741 467 
802 945 592 378 616 
973 714 419 262 792 
33 880 568 190 373 
775 471 87 267 865 
7 137 581 480 105 
919 125 461 366 287 
743 475 746 49 942 
746 767 146 976 853 
831 930 471 649 361 
637 821 195 347 143 
567 414 889 584 124 
447 977 567 603 802 
760 684 51 694 771 
362 299 982 747 275 
605 50 86 699 376 
554 848 854 355 854 
561 867 379 865 525 
241 614 6 288 117 
445 730 12 597 334 
718 227 82 435 761 
276 475 785 526 889 
50 973 681 138 418 
53 77 541 924 492 
717 555 894 789 814 
268 955 860 130 329 
26 424 833 201 72 
573 498 408 207 504 
749 544 666 736 392 
414 252 688 191 505 
621 628 418 641 602 
96 210 820 120 221 
859 400 525 651 445 
738 176 209 375 664 
902 860 144 269 617 
211 634 917 832 893 
458 432 171 793 44 
170 444 879 813 902 
940 217 467 894 83 
428 934 149 134 541 
596 74 279 147 777 
416 262 314 79 293 
502 276 605 217 430 
330 168 162 993 719 
141 302 225 345 143 
667 936 493 687 266 
102 816 137 693 508 
618 624 525 409 770 
222 489 328 842 867 
570 828 469 30 963 
40 89 589 170 808 
527 761 792 867 531 
902 490 263 608 102 
293 534 58 729 425 
211 24 887 404 174 
# Knapsacks:
10525 11853 10540 8669 9421 
10251 9894 10102 11820 8912 
12372 11424 8831 10988 10569 
11902 12027 10738 8835 11414 
29862 28884 27491 29892 32206 
