# Nr of Items 
500
# Nr of Knapsacks 
5
# Nr of Constraints 
2
# Items profits:
33 
85 
8 
7 
74 
93 
23 
82 
19 
54 
84 
61 
40 
18 
52 
57 
56 
38 
94 
74 
94 
22 
55 
48 
71 
43 
3 
56 
54 
17 
2 
96 
79 
2 
10 
88 
57 
1 
88 
94 
98 
9 
90 
38 
54 
33 
83 
71 
57 
9 
12 
86 
94 
24 
86 
29 
85 
42 
89 
32 
68 
33 
31 
80 
34 
30 
30 
38 
20 
82 
37 
86 
22 
3 
62 
29 
55 
66 
42 
41 
73 
39 
93 
56 
84 
75 
24 
48 
21 
81 
17 
77 
3 
64 
87 
59 
26 
59 
39 
55 
88 
56 
60 
92 
18 
47 
86 
11 
99 
22 
49 
11 
92 
98 
93 
32 
85 
88 
2 
32 
63 
46 
28 
11 
95 
46 
13 
88 
39 
84 
62 
96 
52 
20 
51 
68 
69 
23 
91 
44 
83 
56 
81 
6 
94 
63 
6 
89 
64 
82 
91 
26 
39 
80 
18 
66 
1 
98 
21 
71 
49 
9 
31 
97 
5 
74 
44 
16 
93 
66 
4 
48 
74 
65 
88 
49 
27 
87 
58 
61 
69 
50 
95 
96 
49 
83 
38 
34 
37 
64 
35 
69 
67 
90 
41 
30 
38 
69 
34 
18 
84 
68 
86 
10 
89 
20 
60 
96 
18 
44 
94 
70 
97 
83 
14 
29 
5 
43 
73 
2 
37 
37 
63 
60 
87 
59 
41 
30 
36 
97 
93 
82 
95 
41 
77 
95 
63 
11 
32 
31 
89 
8 
45 
41 
39 
19 
44 
86 
47 
92 
83 
79 
28 
13 
10 
6 
32 
8 
83 
10 
70 
52 
46 
6 
22 
1 
53 
7 
4 
70 
92 
59 
51 
97 
24 
21 
35 
38 
57 
97 
98 
85 
79 
33 
83 
71 
34 
27 
61 
93 
2 
6 
52 
99 
47 
48 
25 
40 
1 
90 
73 
46 
80 
7 
91 
29 
19 
67 
50 
1 
14 
68 
48 
40 
34 
44 
12 
8 
9 
9 
84 
62 
59 
82 
27 
12 
10 
11 
72 
90 
62 
32 
13 
34 
24 
91 
18 
11 
97 
48 
44 
11 
98 
82 
35 
84 
59 
15 
46 
75 
38 
78 
11 
40 
26 
34 
22 
91 
22 
47 
47 
63 
35 
12 
20 
35 
5 
28 
20 
10 
71 
62 
84 
89 
45 
44 
40 
77 
72 
87 
26 
29 
9 
97 
83 
81 
2 
9 
49 
39 
39 
9 
90 
91 
45 
3 
19 
73 
9 
9 
46 
56 
76 
29 
38 
63 
35 
45 
52 
60 
67 
76 
55 
41 
10 
11 
84 
58 
48 
68 
5 
1 
65 
32 
1 
38 
84 
1 
14 
47 
30 
74 
2 
64 
94 
87 
66 
64 
36 
45 
21 
23 
100 
2 
58 
60 
73 
43 
74 
83 
100 
99 
25 
37 
16 
16 
23 
8 
51 
82 
12 
42 
95 
63 
57 
2 
95 
54 
89 
57 
16 
48 
52 
51 
64 
41 
38 
33 
51 
29 
5 
84 
49 
98 
34 
57 
84 
26 
54 
33 
27 
25 
61 
17 
24 
85 
78 
21 
47 
75 

# Items weights:
47 61 
70 72 
46 24 
81 32 
16 50 
43 10 
3 47 
20 39 
93 66 
3 90 
21 23 
53 72 
65 74 
92 51 
51 85 
81 2 
15 75 
79 72 
84 7 
29 33 
65 98 
22 74 
24 31 
97 13 
67 89 
11 22 
38 59 
12 63 
79 67 
42 24 
78 35 
47 13 
69 84 
15 12 
77 10 
82 23 
100 60 
93 91 
51 89 
96 96 
42 29 
6 78 
77 95 
7 78 
5 24 
56 24 
24 9 
59 55 
86 52 
62 6 
74 70 
81 21 
53 87 
17 9 
96 55 
100 69 
96 47 
34 59 
8 1 
87 21 
31 70 
40 94 
98 96 
91 88 
37 42 
55 59 
39 68 
39 51 
68 59 
83 47 
34 23 
78 74 
53 90 
35 32 
51 22 
2 12 
52 94 
95 19 
82 61 
87 96 
48 75 
38 13 
24 50 
27 13 
24 19 
97 49 
57 58 
12 37 
26 26 
5 97 
38 79 
40 90 
75 91 
91 17 
30 47 
61 70 
73 64 
21 81 
37 9 
93 93 
37 15 
57 77 
64 37 
46 38 
97 18 
71 53 
1 38 
16 99 
10 32 
13 23 
6 93 
27 9 
85 48 
54 98 
88 47 
72 8 
57 90 
44 17 
55 27 
63 52 
38 42 
67 55 
93 73 
82 78 
81 93 
23 15 
57 27 
26 46 
81 66 
86 66 
2 26 
20 41 
53 36 
4 43 
49 33 
49 35 
24 4 
31 67 
16 98 
37 95 
87 39 
2 42 
84 37 
37 71 
92 37 
15 19 
98 38 
7 12 
25 13 
17 86 
86 80 
7 34 
75 10 
85 57 
8 64 
46 5 
81 6 
17 68 
45 53 
39 8 
90 3 
18 31 
95 61 
95 95 
90 82 
18 98 
53 53 
49 37 
47 37 
50 20 
42 19 
14 27 
47 77 
19 14 
24 80 
31 45 
47 73 
61 10 
9 13 
24 55 
22 78 
9 68 
78 19 
71 87 
42 71 
11 43 
8 7 
55 86 
17 93 
3 97 
92 85 
14 53 
12 12 
49 91 
15 60 
46 67 
63 21 
5 41 
36 43 
63 65 
93 60 
3 3 
94 62 
67 45 
26 47 
39 39 
82 4 
19 60 
35 18 
56 69 
93 86 
21 54 
17 46 
42 10 
98 65 
78 44 
79 16 
17 18 
96 70 
38 23 
30 14 
16 18 
35 82 
61 84 
59 36 
39 29 
42 38 
14 5 
92 45 
89 38 
17 97 
23 90 
91 14 
13 56 
49 56 
71 8 
49 78 
38 74 
93 15 
79 10 
75 44 
76 30 
99 13 
84 90 
23 85 
2 25 
92 42 
42 25 
34 93 
75 28 
72 86 
10 67 
41 53 
53 35 
99 6 
83 42 
90 44 
79 39 
77 76 
91 52 
42 71 
44 46 
98 87 
81 77 
1 59 
17 91 
2 56 
50 39 
2 36 
1 59 
71 45 
81 74 
49 100 
68 84 
50 20 
1 13 
51 80 
29 5 
34 54 
70 1 
46 32 
40 95 
25 78 
84 85 
69 94 
100 31 
34 99 
27 26 
10 91 
7 92 
88 92 
76 98 
63 97 
8 41 
93 79 
21 45 
3 82 
42 84 
70 67 
81 92 
63 7 
91 6 
3 84 
3 78 
94 38 
61 27 
78 49 
81 12 
81 85 
85 33 
50 76 
86 100 
11 94 
37 6 
94 98 
47 66 
98 53 
32 63 
29 34 
67 16 
91 10 
97 97 
17 44 
1 13 
61 68 
72 26 
96 83 
28 78 
12 87 
66 64 
84 44 
16 93 
87 81 
68 6 
80 90 
19 54 
21 85 
39 36 
32 15 
15 71 
5 65 
28 86 
62 17 
29 67 
47 74 
2 25 
28 58 
44 63 
92 17 
53 22 
40 15 
65 5 
100 48 
69 32 
38 100 
31 11 
46 69 
69 33 
45 32 
8 49 
80 67 
71 89 
64 95 
22 23 
38 79 
60 80 
15 81 
96 70 
19 21 
78 33 
23 75 
60 78 
16 73 
25 72 
15 53 
53 45 
60 54 
79 68 
94 71 
99 38 
95 88 
19 6 
30 1 
35 57 
54 42 
37 11 
99 26 
30 62 
36 26 
18 36 
69 58 
70 49 
69 62 
74 41 
95 16 
28 22 
53 18 
24 71 
33 94 
33 35 
88 63 
81 16 
4 8 
27 80 
28 3 
68 50 
89 84 
17 90 
99 94 
7 15 
73 56 
39 32 
23 25 
7 84 
25 62 
20 66 
80 87 
91 73 
99 76 
1 23 
34 16 
79 49 
92 85 
55 23 
29 43 
75 51 
80 39 
45 74 
74 13 
23 24 
12 40 
16 25 
27 35 
89 48 
74 10 
29 47 
27 96 
10 69 
80 69 
13 31 
63 79 
84 27 
95 41 
40 53 
57 53 
72 43 
76 8 
80 86 
43 32 
8 17 
50 21 
45 18 
89 12 
8 45 
2 72 
25 54 
85 39 
26 35 
79 61 
34 67 
71 43 
89 43 
45 70 
88 42 
89 64 
86 21 
74 1 
30 53 
43 17 
30 56 
72 74 
45 23 
5 40 
60 31 
75 82 
47 17 
76 14 
31 77 
66 39 
42 29 
95 29 
64 58 
73 90 
33 99 
11 28 
22 63 
91 44 
50 82 
92 37 
87 81 
53 61 
66 97 
95 82 
43 96 
8 79 
13 97 
74 55 
68 47 
59 6 
9 48 
# Knapsacks:
1101 1433 
1482 1829 
1156 1034 
1468 1090 
6059 6019 
