# Nr of Items 
200
# Nr of Knapsacks 
10
# Nr of Constraints 
2
# Items profits:
20 
34 
93 
28 
29 
44 
59 
96 
18 
47 
98 
2 
53 
30 
100 
21 
87 
57 
63 
88 
58 
18 
82 
6 
71 
85 
60 
93 
8 
16 
28 
12 
7 
55 
87 
68 
26 
64 
24 
55 
27 
24 
55 
61 
56 
14 
33 
99 
36 
27 
40 
88 
21 
7 
41 
70 
6 
38 
49 
24 
66 
77 
33 
24 
32 
42 
9 
72 
10 
21 
84 
29 
8 
53 
52 
58 
44 
37 
45 
63 
64 
33 
76 
3 
5 
83 
16 
100 
48 
66 
29 
55 
28 
95 
58 
59 
90 
81 
49 
16 
57 
27 
47 
86 
41 
66 
89 
90 
63 
5 
66 
69 
15 
94 
51 
95 
38 
70 
73 
76 
20 
24 
70 
3 
10 
94 
90 
3 
6 
18 
71 
48 
27 
82 
28 
38 
55 
67 
39 
78 
24 
60 
85 
46 
34 
94 
18 
2 
68 
23 
90 
61 
35 
72 
7 
76 
72 
40 
95 
20 
79 
92 
13 
60 
76 
49 
68 
78 
22 
53 
48 
36 
6 
30 
6 
89 
41 
5 
92 
38 
43 
23 
20 
15 
72 
14 
81 
95 
27 
71 
59 
97 
58 
71 
41 
23 
60 
92 
11 
38 

# Items weights:
24 95 
19 93 
37 94 
61 74 
21 77 
44 55 
41 55 
39 79 
25 62 
84 94 
71 51 
67 26 
43 62 
46 39 
63 25 
67 44 
49 11 
10 13 
63 50 
52 56 
38 74 
64 88 
19 23 
75 89 
58 83 
17 88 
9 71 
15 4 
57 31 
85 57 
20 1 
70 48 
29 40 
49 65 
92 42 
100 8 
6 21 
30 33 
85 16 
17 3 
25 44 
94 94 
37 79 
58 3 
48 21 
42 16 
97 86 
88 83 
20 95 
42 70 
68 63 
49 19 
92 10 
74 36 
65 78 
4 67 
78 8 
94 54 
30 20 
60 56 
38 69 
28 50 
66 31 
69 96 
74 4 
29 89 
70 75 
22 56 
77 35 
31 16 
81 25 
67 26 
24 67 
31 78 
25 92 
60 85 
47 45 
60 94 
74 38 
91 22 
29 1 
66 29 
36 11 
24 63 
54 46 
84 25 
54 36 
14 47 
3 77 
74 42 
87 36 
85 20 
17 87 
75 43 
41 80 
59 48 
31 78 
13 75 
61 45 
44 62 
17 92 
82 66 
85 43 
8 66 
6 24 
45 61 
98 41 
76 97 
85 22 
99 93 
73 85 
40 7 
93 63 
76 75 
29 98 
92 31 
12 98 
51 43 
72 30 
25 5 
9 89 
53 16 
42 9 
15 95 
26 11 
1 96 
56 54 
14 21 
33 27 
15 97 
98 73 
62 8 
44 90 
7 46 
16 47 
84 37 
75 99 
74 56 
27 7 
59 47 
89 41 
31 65 
31 5 
56 15 
79 89 
14 16 
82 53 
98 48 
50 26 
66 96 
63 6 
97 41 
5 21 
69 60 
93 30 
82 6 
91 95 
3 71 
4 14 
25 60 
6 6 
16 87 
78 47 
72 87 
12 39 
87 88 
71 11 
64 61 
16 84 
20 79 
26 73 
33 6 
17 92 
77 39 
56 1 
97 95 
4 61 
73 68 
35 76 
78 22 
75 58 
21 38 
48 5 
27 15 
66 9 
49 49 
87 52 
6 32 
42 25 
16 38 
24 5 
32 15 
4 20 
64 31 
11 49 
61 85 
90 58 
73 69 
37 92 
46 88 
# Knapsacks:
531 558 
414 561 
417 431 
586 456 
456 414 
459 582 
579 486 
401 582 
492 437 
2813 2779 
