# Nr of Items 
100
# Nr of Knapsacks 
5
# Nr of Constraints 
5
# Items profits:
486 
668 
875 
835 
122 
672 
283 
960 
393 
951 
736 
293 
685 
278 
57 
869 
25 
773 
190 
588 
748 
709 
97 
18 
404 
580 
959 
960 
275 
182 
143 
120 
956 
317 
288 
720 
38 
152 
302 
894 
334 
742 
940 
739 
207 
203 
969 
803 
396 
519 
894 
898 
994 
181 
797 
703 
970 
489 
427 
259 
571 
135 
661 
785 
715 
841 
100 
990 
662 
728 
339 
761 
356 
144 
15 
67 
493 
863 
149 
606 
767 
590 
238 
840 
213 
949 
820 
408 
560 
273 
941 
167 
984 
591 
174 
687 
978 
257 
303 
870 

# Items weights:
148 596 813 693 423 
713 597 862 679 55 
182 553 195 939 40 
8 938 759 944 106 
915 30 961 671 208 
73 708 824 277 463 
389 821 582 429 147 
974 265 282 396 326 
905 918 593 464 13 
212 697 250 63 679 
185 809 402 254 927 
511 464 182 581 677 
228 453 413 264 665 
189 890 255 422 465 
18 780 834 416 398 
711 298 936 41 864 
533 65 401 240 30 
507 144 5 795 46 
81 240 483 396 774 
767 350 984 127 729 
821 192 84 5 594 
543 279 910 949 650 
155 343 388 867 954 
327 683 278 656 973 
785 338 308 813 795 
332 458 114 265 938 
451 719 957 262 293 
861 219 174 729 787 
672 610 764 919 555 
639 321 750 591 878 
952 136 809 212 417 
285 114 62 486 228 
504 892 870 733 510 
718 445 473 890 967 
525 580 261 115 48 
160 423 459 936 818 
845 734 914 476 639 
481 64 874 615 562 
580 397 39 452 538 
702 944 776 374 794 
803 578 182 561 31 
348 257 732 659 684 
331 681 824 378 199 
516 672 815 830 627 
816 305 52 981 798 
939 461 235 264 100 
305 735 971 787 721 
671 43 846 659 325 
707 192 792 616 641 
230 125 173 127 885 
950 105 333 235 588 
791 591 772 127 867 
600 685 520 712 723 
507 741 458 334 26 
638 939 299 318 550 
902 332 842 969 985 
402 617 666 978 660 
511 330 765 266 713 
191 593 375 878 944 
423 187 27 958 863 
768 151 106 853 766 
166 178 65 405 538 
839 323 540 287 292 
280 81 317 884 661 
585 418 410 741 780 
318 494 981 679 621 
495 452 6 777 245 
873 763 718 968 982 
177 937 121 85 562 
545 178 721 967 784 
140 125 20 781 91 
340 242 817 645 607 
954 596 693 506 888 
497 770 72 82 134 
753 812 303 165 444 
571 632 991 975 925 
204 975 857 685 335 
275 909 956 777 97 
926 962 857 54 173 
549 343 223 947 186 
39 917 33 648 578 
308 996 350 814 834 
525 223 798 328 639 
306 599 415 63 969 
676 213 753 134 479 
359 890 444 846 789 
201 927 663 740 539 
403 192 296 783 614 
640 479 811 750 477 
142 812 89 975 511 
870 23 938 987 496 
267 954 711 764 376 
81 822 54 840 396 
5 793 985 761 152 
756 39 708 188 224 
682 163 135 61 271 
431 78 984 516 241 
403 929 706 551 649 
436 248 440 445 879 
45 391 281 17 662 
# Knapsacks:
3795 2697 2098 3865 2277 
3153 2332 3866 3369 3028 
3445 2186 2849 4093 3924 
2357 2683 3570 4393 4198 
10874 11942 11983 11948 12109 
