# Nr of Items 
100
# Nr of Knapsacks 
5
# Nr of Constraints 
5
# Items profits:
89 
37 
43 
92 
45 
60 
64 
35 
72 
93 
76 
73 
84 
57 
84 
82 
53 
26 
52 
38 
68 
13 
50 
30 
40 
5 
67 
49 
37 
86 
94 
7 
56 
28 
73 
16 
41 
21 
6 
38 
48 
19 
24 
61 
85 
4 
24 
61 
44 
97 
74 
32 
20 
17 
37 
50 
53 
83 
19 
88 
12 
88 
83 
78 
12 
7 
26 
66 
7 
39 
56 
19 
74 
98 
28 
31 
3 
76 
35 
10 
49 
49 
38 
1 
4 
61 
72 
13 
71 
78 
74 
86 
21 
10 
44 
80 
21 
78 
2 
6 

# Items weights:
85 16 41 21 62 
32 3 92 50 51 
21 88 97 75 82 
77 16 33 44 20 
41 66 14 98 16 
13 42 77 67 20 
67 8 50 91 41 
94 11 74 48 10 
8 51 89 83 2 
74 47 92 57 45 
76 18 12 80 83 
67 55 25 62 89 
77 49 17 52 41 
62 88 47 78 63 
86 88 16 81 28 
21 72 12 1 81 
15 62 68 28 52 
49 35 30 24 8 
75 82 12 12 22 
89 41 49 84 4 
38 16 60 51 8 
65 57 66 70 80 
32 31 15 60 42 
99 2 15 8 52 
86 94 36 12 15 
48 94 65 29 100 
92 17 94 72 8 
43 3 89 66 42 
29 2 38 8 96 
75 46 3 52 68 
85 40 32 5 66 
74 44 53 79 32 
25 58 1 98 80 
35 28 89 29 24 
4 56 44 17 36 
37 7 73 12 38 
45 35 67 58 41 
89 86 64 98 94 
44 75 77 24 12 
71 45 54 99 35 
58 90 62 66 21 
65 62 1 82 77 
46 69 28 97 54 
97 18 77 49 76 
70 38 26 16 95 
69 25 57 46 17 
40 5 30 12 91 
5 1 19 50 10 
66 8 100 59 19 
5 79 77 92 64 
85 38 26 2 20 
21 54 38 65 23 
66 27 83 14 68 
97 33 26 40 77 
94 78 4 31 35 
70 16 78 25 4 
24 61 17 89 55 
48 96 28 3 18 
41 35 9 2 67 
30 20 86 62 23 
64 9 9 17 4 
53 40 81 84 70 
56 97 44 28 91 
44 28 50 62 57 
8 55 33 11 64 
88 27 14 91 31 
45 98 45 93 58 
53 5 15 93 75 
27 48 64 1 68 
93 67 91 17 23 
26 15 3 46 38 
61 75 52 3 91 
92 92 32 29 62 
74 84 22 5 81 
57 85 58 97 61 
8 56 62 61 15 
31 31 35 25 66 
79 88 43 41 68 
28 78 28 29 45 
13 30 55 52 59 
9 32 29 98 75 
88 78 19 36 57 
81 54 50 19 74 
49 18 45 22 93 
59 30 14 42 9 
16 92 92 50 51 
77 87 71 85 39 
3 14 6 64 75 
30 82 91 75 45 
66 69 6 45 17 
31 13 98 82 30 
9 36 88 83 71 
51 95 56 25 18 
39 44 47 18 30 
9 15 39 12 59 
74 13 97 95 44 
67 3 74 12 9 
88 88 86 96 42 
68 89 89 2 44 
65 96 35 40 94 
# Knapsacks:
542 524 393 485 563 
496 470 459 453 517 
631 468 422 402 562 
485 535 450 534 404 
1584 1393 1549 1499 1380 
