# Nr of Items 
500
# Nr of Knapsacks 
10
# Nr of Constraints 
5
# Items profits:
770 
351 
816 
204 
821 
422 
301 
823 
408 
968 
184 
714 
619 
859 
933 
320 
433 
452 
53 
317 
159 
406 
71 
869 
323 
51 
329 
242 
900 
495 
151 
398 
719 
19 
808 
347 
783 
550 
423 
192 
578 
412 
406 
477 
561 
2 
755 
717 
167 
367 
302 
394 
272 
83 
119 
731 
562 
618 
531 
439 
702 
56 
527 
898 
14 
820 
673 
317 
495 
872 
973 
921 
7 
910 
388 
108 
902 
499 
973 
456 
480 
423 
399 
106 
671 
578 
779 
887 
820 
118 
150 
280 
334 
738 
923 
165 
856 
187 
131 
340 
374 
251 
463 
273 
510 
382 
427 
494 
546 
718 
764 
676 
995 
829 
25 
662 
229 
306 
420 
740 
153 
736 
113 
340 
37 
37 
972 
248 
356 
168 
678 
406 
675 
113 
791 
818 
432 
43 
899 
900 
860 
155 
839 
335 
344 
944 
140 
518 
594 
564 
226 
176 
800 
304 
205 
691 
418 
379 
418 
491 
259 
74 
361 
347 
359 
431 
922 
905 
597 
981 
859 
853 
476 
961 
423 
570 
1000 
377 
759 
433 
926 
279 
108 
387 
826 
454 
57 
311 
886 
554 
372 
110 
109 
858 
4 
284 
754 
880 
259 
825 
524 
830 
668 
3 
356 
481 
956 
900 
187 
232 
387 
144 
304 
660 
939 
246 
207 
385 
406 
325 
993 
74 
835 
736 
793 
936 
105 
817 
243 
642 
736 
104 
966 
220 
525 
587 
706 
418 
781 
110 
705 
860 
728 
947 
288 
827 
750 
1 
998 
138 
204 
304 
394 
620 
479 
930 
888 
331 
934 
298 
459 
789 
306 
894 
186 
687 
215 
416 
278 
677 
675 
335 
905 
46 
421 
841 
503 
172 
383 
772 
656 
184 
643 
678 
610 
272 
47 
139 
433 
731 
851 
254 
201 
218 
920 
45 
377 
840 
762 
160 
761 
170 
414 
712 
340 
286 
99 
347 
725 
630 
915 
774 
268 
876 
794 
560 
808 
838 
316 
92 
397 
754 
697 
133 
695 
497 
131 
307 
819 
791 
701 
155 
139 
776 
477 
993 
265 
739 
890 
65 
178 
809 
381 
695 
867 
862 
217 
581 
854 
557 
261 
637 
220 
526 
872 
849 
34 
682 
363 
288 
712 
556 
265 
226 
780 
32 
441 
74 
521 
982 
945 
610 
261 
679 
131 
337 
669 
765 
666 
942 
801 
901 
603 
845 
565 
776 
200 
752 
325 
988 
223 
781 
214 
310 
478 
365 
451 
153 
745 
674 
452 
894 
176 
223 
263 
686 
669 
866 
265 
18 
923 
723 
884 
104 
38 
789 
633 
535 
944 
650 
894 
80 
952 
650 
752 
909 
811 
324 
992 
309 
78 
745 
553 
885 
553 
359 
615 
566 
844 
282 
744 
716 
332 
755 
717 
188 
14 
468 
384 
516 
328 
256 
662 
973 
966 
814 
284 
619 
105 
62 
213 
817 
560 
737 
385 
840 
714 
771 
486 
176 
560 
554 
649 
388 
702 
463 
220 
969 
490 
3 
785 
174 
250 
786 
124 
92 
776 
778 
675 
566 
808 
628 
568 
488 
654 
8 
692 
994 
387 
739 

# Items weights:
389 363 945 247 688 
863 591 257 54 256 
329 180 213 423 607 
635 929 863 140 854 
911 358 388 476 412 
566 591 355 151 114 
779 827 123 862 320 
66 66 883 460 678 
684 796 782 355 778 
656 835 761 264 954 
26 882 773 365 752 
217 32 430 62 875 
863 15 204 405 173 
523 737 739 783 499 
710 689 591 106 582 
17 919 570 529 770 
161 290 371 41 709 
666 137 578 94 737 
661 191 113 106 695 
732 299 737 731 407 
761 99 254 892 42 
17 884 10 681 780 
316 224 13 117 630 
510 764 510 44 987 
941 490 213 680 741 
805 575 847 965 428 
269 511 927 724 166 
688 705 600 246 991 
279 567 200 415 163 
309 72 416 921 204 
496 516 540 237 219 
449 552 214 558 367 
441 894 722 944 635 
308 910 352 352 400 
146 766 420 573 765 
299 595 956 18 736 
410 268 295 927 83 
717 459 89 859 160 
898 48 552 923 574 
93 347 558 43 555 
96 754 960 560 359 
526 788 303 10 939 
607 438 821 90 39 
988 431 353 92 88 
444 272 713 515 499 
430 278 100 778 805 
756 367 600 381 447 
561 380 414 544 548 
306 841 835 767 20 
127 354 679 982 841 
429 180 105 707 893 
278 422 182 286 260 
190 452 276 250 836 
413 616 715 994 584 
775 710 41 788 202 
905 827 399 767 137 
752 592 489 70 323 
798 54 167 425 809 
668 554 180 977 457 
673 941 167 500 851 
994 270 685 156 391 
825 241 625 629 8 
158 47 896 774 79 
453 568 188 891 398 
717 705 72 275 814 
8 912 842 662 593 
1000 46 157 65 243 
792 934 811 682 608 
761 495 601 736 487 
614 247 670 784 194 
289 39 652 203 247 
160 513 46 234 625 
307 416 229 838 270 
642 441 897 848 172 
233 297 600 877 310 
186 480 61 492 571 
988 557 135 894 181 
906 267 564 22 843 
10 320 40 772 324 
73 847 398 221 593 
289 273 206 87 732 
762 558 86 411 250 
305 775 467 356 370 
829 458 253 60 8 
382 514 371 157 706 
611 956 956 75 320 
235 399 972 510 777 
540 976 94 32 465 
147 175 544 869 362 
941 704 746 850 279 
865 60 316 404 682 
741 379 727 926 325 
992 378 43 438 632 
438 745 496 498 936 
581 430 787 298 69 
665 253 887 424 776 
640 205 801 912 434 
577 447 279 209 337 
451 956 240 566 96 
465 859 450 893 727 
98 151 732 726 121 
825 739 794 550 144 
506 265 29 544 155 
411 565 787 247 467 
836 432 22 430 189 
532 833 846 460 285 
17 26 509 129 115 
957 778 457 94 324 
432 887 245 767 133 
713 632 683 379 397 
834 684 374 238 348 
217 367 444 784 831 
72 673 533 689 677 
946 430 217 597 138 
651 817 280 340 783 
920 160 693 204 945 
65 252 114 871 550 
756 175 692 941 220 
528 786 548 76 170 
223 747 354 889 979 
52 702 124 702 19 
506 182 281 256 148 
115 325 870 800 251 
182 258 104 585 45 
505 26 72 277 382 
702 242 15 943 932 
238 999 892 634 975 
85 544 752 379 539 
779 586 719 822 40 
417 697 999 769 377 
396 529 318 946 595 
398 322 163 315 268 
975 772 271 866 111 
774 70 349 572 690 
811 22 36 560 411 
838 478 718 290 622 
37 223 84 840 886 
668 941 654 12 47 
13 450 892 308 384 
500 150 911 539 531 
246 478 66 629 1 
562 692 73 8 291 
875 859 50 540 312 
785 781 991 891 592 
381 203 833 84 743 
473 210 399 827 755 
474 841 574 660 162 
519 95 999 391 129 
568 275 48 814 679 
174 474 531 783 949 
103 520 475 846 807 
691 163 931 648 783 
924 199 643 800 748 
22 128 922 330 626 
826 524 474 514 180 
731 283 731 768 883 
909 319 22 99 850 
480 881 813 204 757 
391 51 83 726 731 
257 793 541 596 233 
996 39 944 550 94 
703 334 523 54 682 
833 493 893 870 510 
535 978 973 331 86 
111 853 306 244 394 
590 641 880 987 704 
542 941 466 155 245 
577 342 758 581 755 
981 960 270 283 296 
707 700 441 760 185 
895 296 957 47 435 
639 532 334 619 809 
448 569 352 689 971 
805 183 190 710 965 
405 652 292 693 150 
129 729 743 876 427 
618 348 673 744 914 
518 18 488 942 43 
62 129 279 708 116 
970 240 993 796 351 
209 166 79 946 693 
794 117 353 826 201 
782 353 935 539 112 
118 913 273 901 853 
852 551 503 84 6 
207 525 855 145 503 
855 754 824 845 491 
540 326 126 241 711 
724 785 60 158 378 
516 673 345 26 17 
890 785 433 485 667 
269 168 535 597 185 
460 645 62 335 942 
627 640 201 767 579 
828 360 487 402 760 
28 764 23 366 207 
114 651 981 307 691 
863 531 777 858 11 
618 407 878 74 675 
469 35 730 693 122 
541 913 611 864 35 
879 887 31 338 490 
406 165 664 977 950 
894 603 174 702 660 
53 329 102 923 218 
514 955 554 53 964 
665 95 28 506 695 
394 34 84 859 720 
78 278 261 278 278 
817 125 508 557 108 
287 662 834 99 70 
441 891 20 756 675 
534 159 590 228 24 
9 591 902 278 570 
551 484 658 420 811 
137 901 789 785 262 
979 153 255 674 458 
879 214 487 429 421 
544 574 321 847 9 
465 154 939 325 314 
934 615 123 526 135 
602 752 685 65 354 
318 586 892 848 6 
442 444 111 427 571 
324 764 368 218 159 
973 828 443 333 971 
99 201 3 173 761 
253 792 635 763 110 
592 413 904 664 689 
83 701 162 930 705 
839 588 64 533 796 
992 781 492 109 956 
451 715 757 958 359 
466 558 137 63 524 
618 1 654 547 920 
818 148 912 899 606 
317 502 221 339 126 
993 166 350 892 630 
485 470 267 563 988 
826 593 814 169 743 
977 681 965 334 300 
163 691 443 129 365 
61 243 311 178 343 
44 135 49 743 941 
582 531 254 812 873 
154 329 178 306 22 
80 578 963 209 153 
413 542 133 988 665 
785 971 147 201 151 
821 667 794 973 563 
959 169 915 81 935 
563 367 9 267 267 
36 186 153 44 10 
915 567 224 393 350 
667 734 125 95 396 
38 397 820 721 279 
555 43 974 687 41 
14 349 71 367 596 
48 152 545 759 906 
331 397 457 395 747 
458 836 635 851 900 
105 287 490 827 684 
165 435 904 595 511 
892 653 507 203 464 
160 485 803 862 500 
67 569 621 818 246 
99 995 13 29 273 
705 383 874 907 461 
16 79 859 560 215 
979 104 937 676 717 
938 127 143 823 852 
187 821 981 30 32 
796 349 521 768 298 
50 214 701 762 774 
168 270 390 913 158 
516 293 686 676 125 
888 629 973 626 518 
549 283 502 167 887 
635 339 834 497 979 
945 733 947 318 405 
334 590 763 442 845 
921 323 632 322 505 
394 67 224 898 219 
440 247 936 956 377 
69 473 367 128 178 
949 381 827 377 951 
257 860 69 489 182 
539 365 142 901 37 
32 691 48 253 780 
372 681 247 878 118 
986 479 369 26 841 
908 564 935 662 951 
158 472 975 307 132 
817 160 425 164 547 
485 189 950 333 414 
232 59 855 96 277 
125 208 798 1000 803 
842 191 269 529 80 
697 124 143 566 705 
645 971 965 109 643 
510 181 841 914 998 
30 618 810 436 312 
953 506 530 599 974 
532 719 33 698 971 
181 377 25 907 546 
647 843 82 279 167 
545 439 7 335 549 
455 749 461 484 316 
990 675 629 333 193 
562 876 136 5 860 
591 646 367 429 871 
469 434 613 702 828 
730 585 687 101 420 
459 951 17 243 87 
379 827 847 883 911 
578 568 208 248 38 
784 509 486 546 471 
850 875 820 362 84 
288 893 235 366 754 
768 754 389 416 214 
965 307 799 925 480 
97 865 186 617 855 
873 140 227 972 71 
970 740 110 275 272 
454 176 106 505 649 
843 161 215 574 246 
829 850 922 787 689 
11 606 41 579 685 
777 500 268 99 826 
255 640 816 461 539 
644 876 531 247 592 
108 881 898 538 215 
199 903 352 491 561 
964 756 699 565 623 
81 432 499 867 124 
148 255 291 380 49 
469 630 317 600 571 
731 493 771 617 8 
231 240 322 612 299 
887 326 309 943 600 
840 205 732 613 216 
65 812 474 155 757 
756 364 851 588 703 
824 756 877 876 557 
837 445 80 969 324 
715 158 261 57 790 
417 178 711 388 706 
320 978 353 670 601 
967 454 60 401 417 
56 177 676 371 309 
936 688 687 544 2 
453 596 281 121 416 
161 684 369 15 102 
291 716 256 106 1000 
133 87 32 661 653 
979 734 911 435 328 
992 821 174 621 931 
863 482 36 400 813 
151 505 948 780 814 
880 527 471 141 311 
51 344 438 464 771 
194 981 486 285 701 
53 666 553 791 239 
232 336 800 505 777 
60 22 663 456 362 
955 670 347 95 674 
882 841 458 770 645 
462 788 514 252 856 
413 227 502 358 133 
309 202 719 775 250 
585 230 376 202 913 
619 649 734 300 923 
244 228 52 484 285 
674 37 483 770 106 
306 245 740 263 906 
885 724 426 506 336 
968 177 404 182 509 
193 521 725 228 316 
164 992 866 964 524 
905 231 187 575 442 
369 692 475 30 488 
457 342 68 965 322 
377 983 689 453 484 
770 68 970 745 5 
564 406 463 322 4 
420 587 930 510 986 
215 657 190 134 26 
217 522 656 30 349 
686 383 658 78 715 
662 370 841 604 536 
178 683 997 817 238 
684 662 682 662 4 
717 445 229 439 293 
299 886 607 898 311 
546 743 73 335 852 
64 329 975 332 337 
628 314 350 884 927 
853 79 378 889 322 
980 365 847 813 794 
199 391 901 444 226 
468 665 210 118 648 
845 603 869 275 507 
601 68 231 911 85 
923 581 824 404 35 
699 368 852 400 839 
438 773 475 649 371 
393 264 268 862 192 
505 833 628 750 429 
721 295 237 614 703 
645 864 719 163 555 
996 540 943 428 477 
287 84 495 259 514 
151 670 618 216 964 
268 451 427 472 316 
652 719 41 501 762 
79 922 848 392 740 
351 529 658 230 180 
707 702 646 736 59 
173 986 335 215 646 
915 559 291 155 705 
519 69 662 637 759 
566 634 636 759 512 
365 799 644 778 18 
64 410 755 965 506 
542 82 408 855 512 
387 491 27 500 194 
989 778 11 943 785 
540 916 575 560 264 
358 434 365 301 234 
457 55 17 692 421 
863 235 634 779 817 
712 800 838 633 758 
810 184 131 727 988 
411 111 423 634 501 
758 200 273 412 200 
535 875 124 95 530 
6 849 524 161 230 
787 68 970 986 313 
906 349 889 536 705 
277 284 347 208 285 
442 652 522 247 523 
176 730 845 335 745 
953 183 887 300 917 
802 68 451 993 991 
399 876 945 912 709 
361 24 824 963 65 
680 67 607 442 635 
293 830 100 477 300 
344 3 257 717 45 
616 92 997 238 885 
465 634 834 8 473 
897 654 63 619 739 
211 936 762 281 473 
209 633 159 252 643 
410 38 216 822 904 
68 836 361 99 466 
799 345 359 153 948 
416 203 146 402 469 
237 189 823 679 333 
500 144 648 160 148 
788 415 908 932 178 
711 960 718 256 612 
763 987 355 861 763 
81 390 12 454 372 
743 879 264 715 841 
919 679 716 711 999 
104 67 653 592 627 
399 323 528 156 135 
35 222 412 80 451 
867 196 288 74 850 
139 894 421 182 213 
194 829 800 961 110 
697 963 386 746 919 
385 80 774 256 96 
244 24 128 803 44 
992 557 369 378 298 
98 151 272 573 452 
208 940 709 311 819 
540 921 179 314 463 
786 751 572 113 464 
233 831 780 157 719 
483 870 712 993 591 
649 120 750 8 187 
948 214 468 749 651 
90 247 934 315 616 
309 904 161 857 19 
248 976 851 782 514 
569 499 300 247 581 
438 399 113 876 353 
444 623 804 581 736 
690 605 949 886 40 
80 822 282 802 471 
365 369 675 424 71 
696 48 715 212 128 
688 783 971 291 737 
555 474 743 673 772 
779 319 569 656 872 
617 699 532 704 433 
527 732 875 484 333 
139 636 94 587 994 
# Knapsacks:
8522 7914 5601 7724 5281 
5330 8220 9607 8604 8499 
9472 8878 8971 7960 8618 
6405 6280 6134 6501 7114 
9721 6849 8199 10105 5079 
9760 8803 5827 6540 8961 
6125 6954 9895 9852 7092 
6393 5827 8677 5146 5569 
8250 6243 9215 8959 8667 
55976 54157 52867 54547 53048 
