# Nr of Items 
100
# Nr of Knapsacks 
10
# Nr of Constraints 
2
# Items profits:
70 
94 
30 
8 
15 
91 
53 
79 
82 
90 
28 
23 
7 
68 
25 
82 
7 
80 
62 
51 
31 
22 
16 
44 
48 
75 
40 
90 
100 
7 
2 
70 
6 
13 
14 
14 
84 
41 
46 
99 
13 
47 
46 
62 
41 
16 
44 
34 
64 
96 
19 
89 
100 
88 
43 
67 
93 
57 
8 
100 
4 
37 
8 
5 
35 
17 
4 
31 
47 
53 
99 
68 
71 
9 
4 
87 
25 
45 
33 
23 
33 
35 
81 
68 
93 
72 
17 
41 
56 
94 
96 
54 
27 
74 
4 
11 
2 
11 
89 
38 

# Items weights:
81 21 
95 52 
91 64 
92 79 
35 53 
10 66 
46 45 
51 37 
24 92 
93 71 
54 90 
1 99 
16 90 
4 77 
19 44 
39 4 
94 71 
71 17 
25 93 
67 78 
21 48 
22 7 
24 25 
9 52 
37 99 
16 76 
2 31 
14 42 
2 11 
21 85 
57 2 
14 49 
5 29 
37 8 
98 61 
64 7 
27 92 
14 18 
92 44 
81 62 
59 71 
81 5 
63 69 
50 9 
44 53 
14 70 
95 20 
66 55 
31 36 
50 75 
84 59 
40 19 
47 67 
47 62 
28 66 
5 94 
67 47 
36 97 
76 83 
67 19 
54 46 
71 94 
97 79 
6 54 
10 8 
56 39 
7 77 
77 8 
74 34 
74 55 
5 86 
14 23 
58 19 
25 36 
67 98 
53 64 
74 53 
3 85 
21 61 
99 8 
43 99 
40 45 
1 16 
22 76 
51 39 
11 71 
64 17 
6 76 
95 35 
30 1 
83 8 
4 87 
1 56 
14 75 
77 48 
35 75 
36 73 
24 47 
53 36 
65 92 
# Knapsacks:
140 164 
103 160 
126 139 
135 163 
150 171 
98 168 
173 190 
92 149 
115 115 
985 1154 
