# Nr of Items 
200
# Nr of Knapsacks 
5
# Nr of Constraints 
5
# Items profits:
84 
33 
73 
91 
80 
99 
9 
82 
100 
17 
65 
28 
68 
40 
51 
87 
6 
87 
94 
3 
6 
82 
82 
16 
13 
30 
55 
54 
4 
58 
29 
3 
65 
10 
39 
98 
99 
8 
42 
25 
33 
90 
98 
86 
37 
48 
99 
4 
64 
70 
55 
58 
47 
58 
65 
81 
30 
100 
90 
60 
59 
89 
97 
54 
98 
98 
43 
25 
66 
72 
70 
56 
37 
78 
100 
25 
50 
15 
23 
5 
16 
75 
42 
65 
48 
61 
57 
26 
13 
65 
88 
19 
18 
43 
26 
86 
55 
16 
80 
74 
100 
83 
19 
24 
24 
68 
68 
16 
82 
96 
6 
23 
33 
91 
54 
70 
28 
55 
47 
20 
85 
57 
50 
87 
84 
19 
58 
66 
47 
25 
12 
14 
94 
12 
41 
32 
47 
16 
10 
48 
26 
44 
34 
30 
53 
13 
72 
79 
47 
36 
26 
63 
24 
7 
51 
23 
38 
94 
78 
19 
15 
89 
4 
52 
16 
24 
38 
34 
50 
4 
89 
84 
74 
99 
92 
10 
25 
30 
24 
61 
3 
35 
79 
63 
66 
28 
73 
76 
87 
40 
77 
41 
46 
4 
71 
18 
29 
90 
24 
31 

# Items weights:
39 92 1 16 51 
81 27 41 52 63 
84 41 61 48 22 
33 25 40 47 71 
22 10 20 41 37 
31 82 57 34 73 
55 21 57 36 28 
79 7 57 29 37 
69 27 36 95 29 
53 3 19 77 51 
66 55 6 50 67 
3 22 21 68 26 
95 55 94 6 54 
67 8 71 24 62 
56 79 18 84 2 
66 57 38 32 1 
61 100 17 1 18 
65 95 32 26 34 
22 39 44 14 22 
54 56 61 74 7 
56 53 49 76 89 
48 95 14 68 1 
96 75 61 41 41 
85 25 22 10 35 
91 27 10 97 100 
44 17 9 57 88 
12 66 64 96 71 
78 82 86 95 99 
62 44 65 49 16 
81 97 57 54 57 
50 98 68 29 21 
31 12 94 12 65 
72 14 91 51 8 
98 34 13 83 48 
51 54 1 55 18 
94 44 54 91 51 
35 76 27 81 39 
34 72 49 70 18 
19 78 11 88 92 
52 20 79 80 80 
20 6 7 57 24 
79 72 1 86 42 
23 96 16 31 50 
46 54 81 65 34 
16 71 55 40 48 
9 58 72 32 7 
52 11 1 66 69 
93 54 83 63 26 
46 6 63 96 57 
78 83 57 98 56 
55 26 97 7 17 
34 78 71 46 27 
83 39 80 6 86 
13 99 34 70 48 
4 8 7 10 15 
66 88 87 95 8 
61 69 79 78 56 
61 50 45 42 19 
52 5 80 95 74 
31 57 44 100 30 
98 29 55 64 17 
1 2 86 73 48 
15 42 50 63 53 
70 55 34 69 44 
10 35 95 4 4 
55 66 77 67 18 
87 63 52 83 21 
60 46 33 7 67 
93 19 30 84 50 
84 15 37 28 48 
56 27 5 10 13 
47 37 51 11 30 
74 51 95 25 65 
8 97 91 7 21 
50 73 1 13 1 
6 96 92 30 100 
42 18 77 37 52 
11 85 41 61 53 
51 63 64 61 55 
24 6 10 61 78 
76 45 65 49 53 
94 87 35 7 42 
59 1 22 98 89 
34 75 7 54 19 
55 43 24 94 56 
96 44 59 46 53 
26 69 72 39 90 
97 18 35 4 52 
72 61 30 30 46 
82 51 65 97 7 
2 71 2 16 65 
78 67 52 93 16 
9 65 50 6 24 
84 79 56 38 5 
75 78 12 2 10 
47 28 28 81 53 
36 9 92 12 13 
26 98 37 97 57 
6 72 79 79 37 
79 38 30 42 6 
30 31 58 18 24 
21 94 82 79 95 
27 55 1 87 30 
46 12 82 25 52 
29 26 100 100 24 
80 50 77 79 94 
16 1 49 64 100 
71 29 53 55 90 
23 14 37 60 27 
36 52 62 33 57 
88 66 85 68 94 
41 73 15 52 90 
41 94 17 28 20 
37 99 50 6 34 
61 15 94 52 85 
48 71 22 21 54 
86 84 29 5 53 
43 21 67 56 35 
75 86 8 2 37 
33 30 4 36 67 
62 18 2 72 6 
6 97 49 77 80 
15 50 64 57 32 
74 43 26 69 66 
9 69 90 51 85 
27 53 65 52 11 
1 49 89 37 7 
16 36 92 81 22 
61 21 2 51 89 
57 95 81 61 58 
91 12 1 48 38 
60 65 54 10 93 
12 77 64 98 24 
1 74 22 47 100 
57 92 65 26 99 
87 89 30 71 61 
76 82 95 57 21 
19 36 27 32 63 
79 65 24 79 15 
58 9 17 23 23 
13 19 82 90 11 
84 56 48 2 41 
79 53 57 47 61 
35 10 66 65 68 
75 41 29 58 65 
79 97 64 2 83 
5 49 82 64 70 
19 49 99 36 3 
98 99 83 39 32 
48 31 91 12 46 
53 86 88 76 44 
58 93 80 27 90 
29 13 95 93 61 
69 88 98 51 71 
37 87 37 14 31 
95 10 82 53 2 
12 52 60 46 89 
24 55 15 56 98 
93 44 9 69 96 
22 58 30 25 55 
83 6 89 1 27 
82 33 53 22 35 
10 67 73 30 86 
57 11 92 45 78 
9 93 54 5 90 
13 94 3 13 13 
16 99 52 17 76 
80 25 29 33 29 
3 71 50 65 65 
46 55 97 35 90 
17 64 55 63 42 
9 31 42 91 91 
11 98 16 27 14 
11 17 97 77 47 
52 16 9 87 36 
74 66 51 39 54 
17 69 95 15 64 
20 91 94 4 65 
3 82 40 80 50 
94 18 82 43 56 
50 60 10 75 21 
77 6 56 1 62 
54 77 46 44 11 
81 23 22 55 35 
68 45 89 76 57 
71 83 30 67 22 
42 21 29 5 47 
57 68 84 60 26 
60 96 74 48 54 
37 38 64 73 75 
3 38 89 22 37 
34 28 26 68 38 
9 65 98 85 47 
95 31 30 93 86 
63 34 81 25 22 
87 39 16 43 62 
91 90 10 15 10 
3 79 75 81 20 
30 27 42 61 69 
95 96 10 66 4 
# Knapsacks:
441 692 514 785 601 
426 568 565 557 438 
461 532 488 694 596 
787 622 701 774 423 
2344 2400 2351 2147 2203 
