# Nr of Items 
50
# Nr of Knapsacks 
10
# Nr of Constraints 
5
# Items profits:
978 
311 
244 
270 
484 
153 
418 
805 
906 
266 
108 
938 
800 
495 
748 
912 
709 
192 
519 
59 
458 
469 
537 
513 
681 
492 
324 
84 
704 
648 
792 
941 
126 
314 
571 
705 
755 
363 
73 
462 
803 
118 
323 
157 
627 
625 
378 
249 
577 
3 

# Items weights:
869 684 3 993 505 
90 367 780 639 671 
385 398 928 6 435 
983 213 503 60 493 
870 381 999 867 483 
850 891 219 263 594 
978 488 366 938 433 
472 299 277 651 144 
36 853 848 774 369 
906 269 983 924 926 
137 847 856 423 672 
934 679 518 610 606 
15 11 398 394 63 
214 485 486 34 263 
320 566 815 843 474 
116 638 279 677 126 
592 694 194 319 425 
544 826 736 63 310 
449 267 853 602 629 
633 195 801 349 775 
955 289 407 634 87 
856 919 471 106 242 
145 812 751 911 898 
771 456 480 687 419 
398 991 226 232 80 
381 289 582 302 560 
54 146 154 610 194 
412 861 592 99 615 
544 126 834 880 792 
755 174 548 207 965 
649 568 7 994 632 
333 822 280 41 920 
532 199 137 331 971 
180 213 935 978 303 
109 723 192 467 499 
470 304 448 268 384 
84 99 338 622 568 
663 163 121 280 432 
734 73 337 367 177 
485 411 635 18 120 
719 374 434 469 720 
676 179 110 802 898 
684 157 441 704 21 
394 232 917 545 588 
492 990 720 680 37 
462 491 213 621 949 
342 864 863 98 755 
354 779 350 482 579 
813 595 686 56 436 
504 156 467 382 269 
# Knapsacks:
1323 1082 1135 1392 1389 
1499 1393 1490 1323 989 
1318 1038 1518 1374 1453 
1128 1230 1421 1172 1082 
1259 1392 1501 1032 1293 
1122 1326 1022 1132 1179 
1507 1140 1105 1140 1006 
1334 1245 1392 980 1024 
1070 1262 1180 1087 1144 
6892 6199 6877 6835 6974 
