# Nr of Items 
200
# Nr of Knapsacks 
5
# Nr of Constraints 
2
# Items profits:
96 
41 
80 
30 
95 
92 
1 
9 
98 
51 
69 
11 
57 
56 
90 
84 
11 
36 
32 
35 
3 
10 
86 
10 
65 
81 
33 
22 
93 
28 
11 
38 
99 
65 
48 
21 
69 
83 
21 
95 
88 
74 
33 
41 
36 
89 
21 
34 
87 
26 
79 
33 
90 
18 
4 
73 
97 
12 
8 
1 
29 
88 
31 
73 
24 
73 
57 
98 
88 
100 
66 
30 
68 
48 
81 
76 
52 
7 
64 
22 
52 
51 
62 
81 
85 
6 
80 
10 
41 
17 
41 
75 
69 
68 
52 
2 
76 
90 
80 
74 
50 
35 
45 
92 
14 
66 
42 
4 
54 
11 
87 
93 
58 
91 
12 
24 
64 
79 
3 
21 
32 
71 
8 
97 
91 
50 
76 
91 
18 
44 
4 
29 
97 
100 
40 
11 
70 
92 
63 
90 
60 
80 
98 
100 
88 
26 
21 
69 
56 
24 
5 
54 
83 
95 
94 
74 
53 
100 
77 
13 
87 
86 
26 
50 
67 
27 
44 
41 
35 
98 
40 
14 
28 
70 
16 
49 
75 
3 
58 
62 
99 
17 
42 
5 
13 
58 
74 
67 
38 
65 
96 
53 
87 
14 
37 
62 
7 
81 
21 
92 

# Items weights:
97 84 
94 75 
70 30 
30 15 
60 19 
90 5 
23 61 
41 15 
19 5 
85 76 
44 98 
31 75 
76 90 
18 93 
62 40 
75 11 
95 48 
21 64 
10 71 
49 84 
32 46 
30 85 
77 31 
55 53 
54 8 
62 23 
58 84 
11 44 
67 76 
54 83 
5 99 
56 99 
83 80 
30 87 
44 86 
36 17 
55 72 
100 53 
91 80 
88 84 
68 71 
45 40 
60 16 
47 20 
16 75 
70 94 
57 16 
13 49 
74 25 
48 23 
42 66 
32 42 
5 31 
37 18 
44 6 
38 94 
67 80 
75 66 
17 100 
41 77 
13 34 
83 29 
26 36 
56 45 
34 12 
75 97 
22 9 
19 98 
98 56 
38 87 
44 31 
89 32 
80 60 
53 53 
41 40 
71 35 
88 41 
60 96 
27 42 
89 42 
99 92 
70 67 
58 26 
30 97 
64 76 
37 20 
74 23 
21 44 
94 89 
38 97 
50 2 
90 2 
64 87 
48 42 
100 34 
35 35 
13 29 
14 42 
46 97 
39 91 
89 69 
59 91 
17 61 
10 99 
84 40 
34 33 
33 69 
44 37 
66 23 
23 11 
93 35 
71 4 
79 61 
56 9 
77 2 
24 46 
10 49 
74 46 
22 78 
77 79 
22 23 
60 24 
65 48 
21 84 
12 23 
30 62 
1 65 
15 93 
1 98 
86 66 
35 91 
69 31 
59 44 
44 38 
99 31 
21 1 
43 68 
12 94 
78 38 
17 26 
99 51 
53 36 
95 90 
87 68 
97 96 
82 59 
87 34 
84 69 
85 65 
84 48 
93 18 
70 20 
55 99 
84 43 
58 93 
23 79 
65 85 
11 30 
55 64 
22 59 
32 7 
72 17 
5 44 
60 39 
6 33 
71 99 
10 80 
91 71 
1 7 
14 53 
51 93 
70 25 
7 55 
5 78 
68 80 
77 11 
54 10 
79 62 
12 90 
61 49 
94 34 
64 47 
71 35 
36 1 
73 60 
11 73 
50 17 
27 94 
67 58 
56 94 
62 40 
9 9 
17 20 
11 75 
48 18 
92 11 
1 84 
17 31 
6 1 
32 75 
# Knapsacks:
916 880 
1022 887 
1200 898 
1160 1044 
2939 3396 
