# Nr of Items 
100
# Nr of Knapsacks 
10
# Nr of Constraints 
5
# Items profits:
90 
93 
12 
87 
1 
28 
65 
38 
37 
75 
80 
76 
58 
42 
55 
96 
89 
66 
35 
91 
77 
34 
33 
79 
67 
9 
50 
21 
23 
30 
99 
4 
2 
80 
42 
69 
39 
48 
8 
46 
75 
90 
22 
47 
81 
96 
100 
40 
6 
70 
34 
81 
71 
49 
18 
25 
23 
45 
32 
80 
62 
100 
15 
74 
93 
93 
53 
7 
68 
46 
76 
57 
68 
63 
12 
54 
35 
21 
98 
12 
95 
28 
13 
67 
47 
26 
56 
39 
49 
3 
50 
51 
15 
95 
83 
100 
84 
48 
61 
81 

# Items weights:
84 32 100 65 75 
11 64 1 50 30 
37 85 8 6 72 
96 26 32 44 38 
54 98 13 9 72 
68 65 16 81 26 
44 93 83 59 66 
20 71 28 86 90 
66 32 60 36 25 
16 45 56 4 5 
61 73 98 12 13 
62 39 25 33 7 
42 75 41 39 40 
10 85 7 52 92 
6 91 19 14 50 
8 26 84 78 83 
71 30 31 68 85 
95 59 20 36 37 
80 45 58 27 36 
15 94 38 25 61 
93 59 9 34 30 
31 45 75 21 77 
77 15 71 3 44 
83 95 21 93 23 
67 87 90 79 95 
28 56 15 53 57 
95 45 34 2 79 
21 25 44 35 55 
54 64 15 66 42 
21 79 86 55 100 
2 39 25 69 50 
74 77 2 95 20 
9 73 14 94 59 
43 70 74 38 69 
92 54 8 9 92 
53 49 42 6 37 
21 94 55 33 16 
73 51 20 38 68 
78 72 42 23 4 
15 15 7 19 67 
97 14 50 51 76 
42 45 48 75 29 
77 84 5 35 88 
60 91 12 4 94 
85 8 74 5 7 
20 37 89 30 82 
36 55 85 57 51 
99 23 52 66 95 
38 35 66 67 82 
25 76 96 36 76 
23 54 66 24 16 
14 49 86 57 10 
58 75 54 96 66 
1 61 68 50 81 
92 83 85 87 4 
88 29 24 14 92 
23 45 33 93 93 
93 8 93 90 53 
10 28 73 55 16 
57 60 14 19 76 
63 88 55 53 25 
75 25 29 65 99 
81 77 41 72 1 
80 23 18 11 33 
52 27 30 64 11 
75 91 97 48 88 
27 37 32 68 69 
41 58 44 28 96 
41 4 36 24 68 
75 18 78 92 74 
31 62 18 80 92 
79 18 6 80 77 
93 97 34 28 68 
77 62 37 59 20 
64 70 68 54 57 
74 73 8 5 97 
33 94 65 14 21 
23 26 37 93 71 
46 32 23 88 93 
77 69 39 22 32 
38 41 100 29 44 
84 86 25 56 10 
29 65 98 81 91 
87 85 89 68 91 
53 83 34 8 81 
23 34 15 61 83 
83 71 31 52 27 
36 12 22 54 94 
80 45 58 5 10 
6 77 85 57 75 
30 6 77 4 78 
40 73 15 50 26 
19 64 26 39 55 
79 99 81 61 9 
33 59 34 7 70 
85 86 9 99 30 
61 66 26 89 90 
72 33 73 23 33 
69 88 5 83 57 
40 82 17 9 92 
# Knapsacks:
187 195 169 110 198 
106 186 102 138 127 
188 219 124 165 122 
178 198 155 117 222 
194 115 126 111 131 
195 132 163 181 135 
204 141 149 150 221 
187 198 173 100 221 
125 214 97 115 174 
1111 1218 959 1049 1218 
