# Nr of Items 
500
# Nr of Knapsacks 
5
# Nr of Constraints 
2
# Items profits:
119 
608 
296 
659 
912 
959 
627 
929 
684 
569 
496 
565 
442 
31 
357 
947 
921 
875 
99 
500 
961 
187 
136 
257 
828 
73 
750 
666 
186 
946 
530 
345 
193 
689 
698 
191 
419 
695 
751 
153 
609 
522 
369 
783 
741 
183 
375 
859 
957 
565 
110 
1 
435 
64 
570 
809 
121 
351 
384 
965 
874 
787 
381 
904 
315 
156 
584 
868 
15 
81 
658 
15 
281 
684 
15 
323 
412 
824 
173 
831 
767 
889 
994 
670 
620 
6 
378 
707 
7 
997 
894 
575 
299 
971 
793 
777 
624 
327 
269 
168 
608 
250 
347 
830 
8 
237 
152 
763 
331 
367 
275 
612 
794 
129 
619 
647 
776 
521 
886 
838 
394 
759 
396 
725 
771 
448 
459 
912 
860 
916 
685 
461 
154 
934 
573 
330 
153 
720 
406 
412 
855 
88 
364 
661 
235 
715 
253 
792 
651 
876 
728 
235 
213 
458 
343 
345 
724 
68 
815 
274 
556 
161 
412 
416 
9 
872 
411 
504 
337 
561 
696 
322 
450 
998 
38 
486 
885 
10 
469 
805 
897 
20 
974 
48 
580 
280 
490 
840 
204 
139 
481 
794 
668 
897 
527 
678 
777 
269 
530 
979 
515 
796 
23 
593 
617 
550 
859 
532 
517 
914 
542 
770 
142 
341 
561 
480 
332 
7 
9 
62 
534 
402 
781 
685 
471 
984 
681 
281 
510 
273 
702 
720 
636 
637 
401 
85 
216 
204 
560 
515 
550 
80 
340 
226 
262 
315 
72 
192 
633 
338 
824 
711 
318 
157 
566 
750 
857 
859 
703 
110 
292 
223 
306 
26 
808 
401 
81 
234 
563 
771 
600 
365 
565 
750 
595 
19 
70 
697 
110 
35 
790 
333 
868 
407 
759 
944 
417 
393 
63 
260 
371 
33 
695 
388 
612 
197 
409 
467 
259 
628 
991 
920 
985 
976 
982 
570 
664 
95 
128 
603 
70 
894 
552 
69 
192 
314 
479 
950 
498 
403 
445 
849 
475 
374 
860 
523 
638 
94 
718 
302 
500 
927 
582 
678 
621 
384 
988 
310 
838 
11 
353 
135 
357 
156 
426 
756 
944 
843 
889 
452 
84 
727 
574 
645 
986 
768 
445 
809 
613 
64 
697 
688 
983 
190 
21 
819 
697 
976 
651 
104 
161 
628 
741 
423 
503 
402 
960 
263 
273 
24 
417 
390 
917 
490 
311 
356 
813 
469 
503 
666 
308 
472 
134 
373 
360 
719 
561 
353 
193 
916 
968 
115 
374 
804 
104 
799 
327 
498 
104 
859 
429 
723 
755 
679 
535 
351 
267 
178 
727 
512 
390 
890 
857 
889 
650 
799 
731 
132 
692 
612 
520 
409 
222 
659 
712 
48 
415 
573 
3 
843 
876 
411 
987 
354 
731 
604 
831 
642 
303 
131 
572 
36 
727 
836 
262 
239 
345 
619 
861 
963 
516 
737 
188 
938 
931 
61 
667 
52 
268 
867 
157 
894 
120 
699 
844 
487 
261 
944 
65 
200 
582 
276 
536 
582 
804 
701 
688 
551 
726 
110 
177 
62 
643 
452 
647 
308 
24 
11 
419 
532 

# Items weights:
173 471 
166 126 
239 47 
367 541 
782 679 
249 449 
388 871 
662 968 
367 847 
290 436 
815 274 
774 263 
641 398 
235 671 
969 921 
107 173 
542 455 
100 548 
983 148 
362 447 
957 936 
609 654 
995 51 
879 303 
25 546 
363 960 
197 468 
245 806 
681 558 
882 476 
938 701 
329 248 
530 712 
901 396 
969 918 
379 689 
482 155 
808 95 
142 837 
363 429 
767 122 
328 378 
183 894 
540 669 
492 654 
668 678 
516 382 
495 36 
36 832 
906 705 
19 692 
46 657 
807 437 
908 925 
633 821 
723 303 
866 313 
671 932 
4 705 
845 584 
779 634 
399 262 
821 694 
751 776 
411 26 
194 418 
11 143 
965 637 
613 688 
262 105 
914 17 
340 748 
275 132 
961 441 
842 364 
581 366 
497 541 
636 941 
179 2 
550 865 
697 233 
348 538 
909 742 
765 490 
830 480 
262 621 
830 531 
314 880 
677 566 
84 601 
741 47 
432 803 
454 347 
146 357 
395 627 
135 643 
569 576 
183 826 
697 177 
225 214 
628 665 
282 883 
11 801 
687 17 
873 354 
802 78 
611 657 
672 615 
413 751 
256 519 
387 327 
166 750 
180 836 
956 964 
114 614 
140 958 
96 334 
314 92 
751 74 
440 572 
1 932 
456 153 
171 953 
601 173 
574 797 
622 685 
791 888 
949 758 
522 407 
329 314 
958 69 
179 423 
155 586 
397 361 
990 783 
735 791 
157 775 
279 757 
952 599 
983 651 
92 825 
99 832 
455 275 
801 272 
598 926 
71 475 
60 527 
519 528 
407 993 
268 125 
343 623 
361 448 
607 136 
197 777 
17 156 
957 775 
119 573 
415 635 
742 880 
550 179 
137 755 
61 324 
760 329 
470 901 
526 343 
861 32 
279 152 
985 468 
465 152 
755 953 
500 573 
911 943 
105 525 
690 141 
603 216 
213 996 
325 786 
865 755 
920 173 
490 620 
776 247 
873 876 
427 948 
41 873 
605 933 
345 109 
781 707 
544 543 
452 542 
674 321 
548 969 
716 719 
939 479 
237 84 
938 521 
710 875 
912 204 
582 379 
688 744 
703 220 
571 873 
956 295 
490 860 
140 598 
34 353 
864 313 
117 155 
525 652 
524 749 
142 664 
475 188 
896 327 
759 995 
684 638 
590 518 
733 498 
134 40 
646 569 
490 234 
269 673 
363 315 
546 173 
964 966 
213 79 
890 456 
902 376 
48 968 
473 958 
119 830 
387 926 
640 523 
335 481 
734 438 
741 996 
432 58 
489 397 
849 576 
465 352 
806 296 
230 781 
495 643 
586 509 
239 282 
813 829 
848 873 
281 365 
813 217 
679 502 
38 653 
809 72 
603 694 
593 48 
566 818 
860 123 
90 378 
364 413 
836 442 
612 674 
198 146 
681 314 
869 584 
904 38 
569 453 
339 296 
966 322 
481 913 
793 363 
818 383 
331 158 
330 862 
269 179 
882 820 
931 392 
249 968 
498 728 
383 329 
542 77 
653 584 
195 417 
357 523 
609 720 
550 816 
910 90 
320 553 
457 935 
586 821 
419 739 
820 87 
420 840 
291 159 
536 772 
539 378 
399 61 
530 869 
920 18 
785 973 
256 34 
974 133 
49 154 
605 321 
395 447 
886 384 
923 80 
431 827 
627 719 
543 419 
726 300 
600 40 
775 676 
996 752 
653 41 
890 883 
548 156 
617 251 
334 170 
965 207 
738 20 
435 649 
995 339 
236 431 
15 647 
14 99 
258 929 
674 362 
360 139 
956 593 
800 134 
20 428 
519 905 
414 354 
396 811 
460 471 
511 576 
225 201 
423 811 
479 776 
883 652 
544 874 
145 489 
724 629 
661 528 
865 307 
478 503 
706 348 
922 109 
557 670 
735 443 
621 79 
931 734 
521 210 
29 272 
477 3 
128 355 
83 154 
736 61 
355 831 
918 718 
546 606 
165 540 
912 601 
695 500 
854 94 
62 771 
660 412 
969 99 
976 781 
435 136 
296 534 
399 893 
671 899 
605 700 
481 717 
956 511 
912 812 
755 870 
258 697 
472 169 
816 444 
45 633 
580 724 
185 738 
632 213 
222 652 
100 717 
171 271 
204 55 
814 77 
922 245 
803 392 
921 6 
300 402 
298 376 
813 279 
426 867 
451 221 
280 708 
598 406 
39 337 
331 459 
997 832 
580 812 
386 248 
736 976 
41 355 
546 532 
213 543 
807 665 
740 413 
616 562 
517 115 
28 47 
693 755 
504 59 
460 244 
241 148 
958 187 
412 800 
79 207 
760 76 
402 407 
324 526 
220 287 
137 34 
812 182 
476 229 
342 421 
70 390 
157 565 
274 828 
432 256 
68 143 
474 212 
333 78 
91 910 
108 865 
984 628 
225 91 
421 776 
447 142 
878 438 
512 117 
631 77 
320 385 
661 879 
316 733 
482 229 
370 212 
582 472 
64 545 
94 902 
906 415 
232 921 
629 901 
800 660 
447 434 
468 485 
96 291 
718 138 
701 8 
159 448 
520 57 
122 174 
321 570 
964 188 
910 206 
520 569 
31 708 
100 588 
815 208 
380 156 
143 239 
2 439 
515 749 
188 343 
869 700 
888 773 
584 892 
510 19 
799 800 
479 735 
834 79 
311 272 
184 705 
215 272 
865 944 
848 466 
171 988 
485 858 
309 213 
358 460 
51 482 
114 395 
78 913 
6 399 
647 990 
189 934 
148 905 
267 597 
180 877 
327 645 
# Knapsacks:
14515 11645 
16730 13867 
18244 18407 
12328 15987 
57653 56696 
