# Nr of Items 
100
# Nr of Knapsacks 
10
# Nr of Constraints 
2
# Items profits:
222 
205 
795 
151 
510 
206 
415 
879 
35 
483 
949 
553 
296 
164 
897 
49 
809 
954 
794 
104 
51 
184 
544 
893 
248 
912 
694 
198 
35 
594 
21 
13 
493 
967 
325 
206 
772 
260 
577 
829 
991 
97 
822 
509 
727 
944 
535 
804 
379 
59 
776 
506 
353 
630 
405 
329 
182 
458 
798 
863 
170 
459 
370 
422 
834 
857 
493 
526 
290 
915 
535 
385 
70 
650 
52 
733 
428 
697 
305 
430 
449 
857 
25 
986 
478 
314 
956 
15 
270 
358 
641 
216 
886 
967 
521 
494 
800 
480 
655 
433 

# Items weights:
290 618 
748 475 
528 356 
509 833 
619 335 
731 465 
779 552 
838 593 
321 974 
597 379 
645 848 
487 954 
100 88 
255 918 
138 836 
226 426 
224 581 
333 611 
604 138 
176 540 
639 519 
803 917 
254 208 
949 995 
562 282 
638 79 
773 355 
979 464 
437 537 
515 768 
196 225 
151 153 
751 508 
837 564 
644 202 
658 991 
499 229 
813 592 
461 785 
712 507 
70 345 
3 666 
484 65 
628 789 
741 179 
874 523 
338 635 
860 945 
706 60 
119 482 
510 44 
288 384 
411 631 
954 686 
832 372 
334 520 
959 617 
470 560 
170 106 
416 144 
246 269 
668 451 
84 723 
998 859 
860 733 
805 17 
819 186 
792 39 
442 851 
324 114 
6 923 
939 458 
562 191 
994 404 
94 920 
421 832 
69 931 
979 66 
912 629 
179 365 
450 498 
639 787 
474 967 
575 763 
933 903 
76 800 
286 175 
799 768 
41 344 
223 681 
303 789 
967 62 
996 907 
530 53 
791 448 
608 743 
702 1 
679 676 
353 778 
210 364 
# Knapsacks:
1497 1902 
1187 1354 
1502 1839 
1288 1968 
1366 1996 
1441 1637 
1644 1410 
1500 1550 
1402 1569 
12176 10919 
