# Nr of Items 
100
# Nr of Knapsacks 
10
# Nr of Constraints 
5
# Items profits:
48 
27 
5 
54 
86 
23 
46 
64 
45 
35 
34 
31 
38 
40 
77 
33 
96 
25 
5 
23 
82 
20 
89 
96 
74 
72 
81 
83 
18 
90 
14 
15 
19 
35 
17 
80 
29 
87 
91 
18 
63 
70 
84 
20 
22 
66 
11 
29 
66 
9 
15 
53 
94 
46 
62 
3 
74 
71 
21 
87 
35 
58 
80 
91 
28 
67 
41 
1 
53 
55 
48 
26 
82 
70 
98 
27 
12 
76 
21 
79 
37 
82 
29 
5 
55 
32 
95 
61 
84 
15 
92 
58 
94 
43 
22 
63 
38 
48 
52 
41 

# Items weights:
41 24 55 70 37 
72 68 20 48 54 
37 2 27 84 31 
32 88 45 87 91 
36 64 23 28 8 
8 54 99 56 44 
14 57 44 86 90 
93 3 20 57 3 
66 11 88 39 8 
50 73 3 99 89 
69 24 88 81 91 
52 9 9 89 56 
18 68 72 91 100 
56 15 59 79 80 
15 96 22 80 13 
78 14 15 18 74 
43 61 46 86 93 
74 34 21 98 47 
16 51 56 38 100 
33 15 78 51 99 
93 57 92 59 61 
38 95 13 63 59 
36 52 39 75 38 
93 19 46 51 49 
20 13 63 36 9 
37 71 56 60 99 
88 99 100 34 20 
38 1 12 86 7 
65 41 54 39 64 
65 41 67 26 13 
32 73 12 95 80 
28 7 17 74 68 
97 86 68 2 2 
2 25 38 46 56 
96 60 18 22 70 
79 39 70 20 73 
96 58 18 45 1 
90 41 75 80 4 
53 46 44 73 26 
4 4 46 46 34 
12 49 55 77 92 
98 49 44 49 62 
91 1 67 68 62 
87 4 31 7 38 
12 85 96 82 68 
51 93 17 63 18 
66 63 76 27 45 
12 6 14 63 33 
90 93 5 89 74 
90 61 48 79 72 
40 50 44 20 1 
79 16 40 18 28 
34 83 39 89 21 
49 27 80 21 89 
99 27 97 89 47 
59 73 19 17 33 
25 85 79 20 61 
48 95 67 78 83 
9 34 67 82 22 
19 86 62 54 8 
39 70 34 74 61 
61 37 64 12 9 
90 18 93 62 88 
17 16 13 35 47 
55 4 56 55 6 
37 51 71 91 8 
98 12 6 30 18 
2 90 91 94 44 
14 36 17 87 3 
46 62 76 51 20 
81 8 22 54 68 
90 38 69 97 11 
20 31 69 88 24 
11 69 84 71 62 
69 17 66 46 71 
58 68 77 85 93 
40 94 60 93 60 
48 70 61 3 56 
60 67 4 17 75 
72 31 61 57 76 
67 16 75 4 55 
4 59 54 56 41 
45 47 61 66 49 
27 30 45 87 5 
85 41 25 72 52 
89 70 96 58 18 
91 16 45 97 94 
69 47 92 5 70 
24 8 47 46 41 
68 46 84 48 66 
77 46 55 98 19 
95 60 36 52 82 
40 99 49 45 71 
74 7 35 53 11 
73 1 91 55 19 
54 33 27 6 68 
54 62 4 92 71 
33 53 85 43 36 
60 82 63 64 13 
40 95 40 6 36 
# Knapsacks:
314 200 238 283 244 
308 265 206 336 238 
273 225 302 323 203 
229 210 214 296 192 
263 223 210 279 261 
227 206 246 297 258 
305 245 304 336 240 
313 212 216 253 209 
297 202 256 302 286 
1386 1329 1448 1520 1342 
