# Nr of Items 
200
# Nr of Knapsacks 
10
# Nr of Constraints 
2
# Items profits:
348 
584 
574 
427 
542 
554 
990 
432 
191 
13 
64 
706 
748 
562 
808 
87 
522 
741 
428 
947 
943 
496 
383 
994 
18 
224 
456 
860 
177 
592 
838 
259 
863 
523 
634 
825 
855 
596 
897 
534 
97 
186 
293 
198 
422 
279 
831 
279 
490 
607 
276 
440 
503 
117 
1 
750 
481 
336 
908 
65 
802 
68 
32 
835 
116 
950 
445 
41 
13 
407 
498 
851 
339 
377 
215 
510 
941 
6 
340 
586 
962 
453 
776 
254 
473 
248 
671 
591 
758 
992 
35 
752 
485 
546 
53 
140 
845 
146 
545 
664 
500 
493 
324 
708 
633 
517 
843 
736 
331 
917 
713 
628 
445 
971 
324 
576 
347 
349 
172 
91 
685 
884 
858 
943 
942 
301 
969 
146 
137 
358 
900 
656 
623 
972 
44 
541 
792 
891 
251 
399 
117 
726 
970 
905 
96 
846 
284 
2 
792 
264 
605 
396 
155 
279 
707 
242 
961 
256 
383 
353 
993 
723 
96 
431 
180 
471 
517 
762 
916 
198 
717 
184 
983 
751 
532 
156 
725 
442 
508 
161 
507 
765 
622 
799 
307 
197 
668 
187 
473 
689 
469 
980 
859 
32 
267 
41 
285 
258 
28 
990 

# Items weights:
837 526 
793 493 
453 138 
488 648 
427 773 
942 25 
705 198 
498 674 
348 360 
724 452 
727 773 
699 676 
170 86 
625 170 
643 650 
896 56 
190 154 
211 489 
383 208 
911 986 
449 758 
778 965 
723 949 
681 653 
933 886 
371 66 
706 282 
404 621 
38 808 
563 270 
884 886 
590 288 
136 656 
501 456 
996 768 
838 180 
374 369 
947 153 
575 324 
700 468 
829 112 
377 854 
758 950 
625 827 
155 858 
504 815 
714 938 
536 284 
903 678 
975 143 
883 124 
523 701 
133 485 
996 616 
563 972 
58 159 
646 389 
129 186 
229 562 
285 860 
59 716 
106 864 
588 87 
179 165 
629 593 
258 136 
451 309 
275 5 
314 462 
535 349 
640 310 
383 487 
238 249 
19 251 
732 511 
696 352 
235 594 
929 822 
643 776 
36 449 
654 110 
377 991 
11 980 
36 261 
192 801 
548 356 
661 707 
994 145 
22 58 
153 331 
532 464 
959 150 
774 225 
40 427 
629 133 
393 376 
166 315 
437 215 
877 459 
427 26 
171 13 
645 256 
721 318 
95 959 
995 863 
381 982 
157 734 
134 990 
799 191 
896 771 
579 865 
856 347 
145 286 
559 804 
214 500 
134 757 
446 975 
676 669 
171 568 
140 904 
648 499 
919 512 
485 2 
636 288 
323 418 
987 642 
499 171 
805 487 
873 212 
289 794 
23 39 
274 141 
788 333 
858 886 
221 162 
631 858 
392 262 
211 892 
341 277 
694 890 
91 727 
601 594 
973 591 
847 893 
3 890 
93 571 
159 103 
157 441 
682 635 
249 935 
188 758 
757 246 
824 875 
224 406 
683 58 
9 157 
429 60 
885 768 
793 438 
403 781 
633 630 
963 732 
221 885 
965 146 
66 224 
138 667 
848 398 
996 675 
850 194 
25 208 
735 609 
332 679 
523 974 
639 600 
686 240 
414 213 
256 782 
61 608 
370 290 
526 454 
673 928 
886 967 
57 242 
993 112 
418 382 
1000 984 
505 837 
715 905 
929 962 
298 211 
187 409 
854 285 
330 999 
477 906 
820 905 
878 373 
105 874 
840 660 
319 364 
849 461 
# Knapsacks:
4833 5600 
4172 5518 
5091 4195 
4370 4526 
5651 5700 
4809 5287 
4196 5221 
5146 5887 
4676 5447 
29901 27454 
