# Nr of Items 
200
# Nr of Knapsacks 
5
# Nr of Constraints 
2
# Items profits:
259 
935 
435 
632 
983 
220 
289 
287 
544 
711 
572 
907 
315 
989 
371 
42 
731 
13 
111 
900 
882 
523 
450 
476 
270 
223 
2 
631 
99 
42 
31 
567 
523 
41 
478 
744 
183 
802 
592 
481 
928 
732 
923 
702 
111 
348 
556 
250 
741 
170 
719 
274 
896 
794 
564 
300 
403 
135 
375 
222 
321 
555 
27 
978 
526 
674 
107 
247 
890 
182 
454 
330 
635 
451 
365 
387 
717 
243 
955 
740 
745 
380 
593 
724 
648 
494 
836 
681 
170 
873 
812 
228 
32 
947 
987 
85 
386 
577 
695 
23 
597 
547 
470 
590 
877 
762 
524 
749 
515 
575 
451 
964 
587 
513 
447 
686 
837 
865 
499 
872 
150 
289 
837 
676 
371 
478 
930 
37 
306 
463 
63 
69 
596 
687 
812 
587 
554 
469 
686 
959 
363 
851 
656 
927 
784 
452 
630 
387 
68 
927 
551 
284 
684 
513 
622 
108 
735 
648 
676 
806 
721 
474 
197 
390 
258 
396 
501 
362 
366 
919 
493 
511 
210 
341 
687 
848 
770 
578 
354 
345 
369 
902 
156 
234 
182 
991 
346 
175 
71 
900 
326 
931 
549 
293 
950 
36 
932 
119 
140 
273 

# Items weights:
997 182 
79 77 
592 319 
68 718 
728 483 
67 847 
662 249 
797 938 
120 326 
830 404 
765 671 
885 573 
690 651 
552 29 
453 527 
648 218 
651 990 
500 325 
644 305 
271 238 
708 228 
495 411 
523 917 
352 177 
956 191 
454 382 
622 366 
721 928 
822 216 
912 324 
703 844 
28 778 
543 341 
722 649 
182 943 
941 212 
741 546 
274 240 
119 783 
184 300 
710 140 
50 863 
32 640 
190 351 
363 465 
678 492 
429 651 
454 599 
432 140 
704 639 
754 54 
401 509 
602 998 
640 292 
860 861 
446 215 
645 511 
289 912 
508 746 
340 46 
496 170 
413 500 
194 632 
119 119 
246 887 
723 905 
762 757 
59 372 
611 562 
543 793 
830 428 
948 446 
792 961 
111 14 
272 410 
726 449 
85 643 
229 867 
410 160 
617 596 
193 469 
472 924 
916 223 
981 316 
471 527 
732 852 
313 794 
100 508 
288 940 
490 299 
246 205 
69 723 
104 774 
954 352 
392 363 
229 250 
696 896 
388 602 
42 828 
265 528 
591 47 
302 326 
704 44 
823 637 
60 480 
407 756 
818 800 
355 775 
315 501 
458 60 
640 932 
397 500 
538 875 
438 520 
743 328 
440 397 
632 51 
618 445 
894 624 
382 707 
882 489 
741 283 
1000 802 
32 842 
947 505 
259 78 
582 18 
506 982 
471 734 
410 839 
71 969 
60 158 
707 157 
564 91 
927 371 
172 276 
380 111 
688 582 
850 95 
831 894 
889 620 
513 908 
804 474 
991 588 
143 931 
847 494 
7 284 
782 54 
880 662 
868 997 
767 667 
321 714 
304 515 
6 213 
477 982 
225 135 
653 671 
362 752 
486 681 
27 561 
816 683 
242 684 
840 407 
280 865 
582 177 
709 419 
449 565 
575 64 
69 632 
108 63 
916 803 
951 201 
948 635 
85 359 
457 805 
913 424 
652 721 
680 546 
783 567 
203 458 
916 629 
622 670 
817 799 
864 827 
708 758 
289 716 
450 348 
243 558 
648 274 
902 403 
70 412 
979 61 
584 420 
46 774 
623 747 
256 733 
537 390 
28 500 
993 278 
757 469 
# Knapsacks:
7344 6760 
6170 8073 
6512 4408 
6500 6665 
23132 23081 
