# Nr of Items 
50
# Nr of Knapsacks 
10
# Nr of Constraints 
5
# Items profits:
75 
30 
87 
96 
62 
66 
78 
42 
5 
73 
3 
60 
32 
51 
90 
73 
10 
44 
19 
33 
84 
4 
23 
37 
48 
71 
36 
79 
24 
18 
9 
36 
84 
56 
19 
68 
83 
90 
7 
98 
3 
84 
82 
98 
70 
95 
32 
62 
19 
97 

# Items weights:
63 88 2 42 15 
33 59 12 25 82 
40 88 13 72 98 
72 60 73 54 82 
36 30 13 74 68 
92 16 38 84 64 
79 88 89 15 38 
57 70 10 36 97 
37 53 32 94 93 
17 79 66 46 61 
65 52 62 84 36 
7 88 61 97 57 
93 91 19 36 47 
2 62 62 94 3 
38 21 99 52 46 
74 23 82 9 79 
1 69 88 97 37 
61 83 56 41 59 
2 70 16 57 1 
86 27 6 92 79 
65 99 23 41 73 
84 66 37 67 94 
7 75 81 38 32 
58 61 61 100 76 
1 62 5 45 47 
52 20 42 83 77 
28 23 11 15 13 
46 47 3 91 22 
92 66 32 31 62 
32 27 54 54 87 
15 74 76 31 66 
99 32 5 52 38 
25 84 28 78 25 
58 24 32 8 28 
43 19 10 84 1 
61 5 31 22 55 
56 49 10 4 66 
64 21 40 39 27 
5 84 87 7 21 
31 97 86 8 53 
69 50 91 66 27 
75 93 17 15 66 
12 26 73 81 34 
8 54 74 76 28 
98 90 53 77 40 
21 51 70 45 33 
55 62 21 72 20 
90 55 75 95 69 
27 68 83 59 34 
41 27 12 46 25 
# Knapsacks:
90 75 77 79 67 
62 75 68 72 71 
71 109 56 82 77 
78 79 50 95 93 
64 112 62 102 79 
53 104 64 70 55 
49 95 80 67 63 
63 94 64 94 77 
87 68 52 80 61 
527 605 495 597 551 
