# Nr of Items 
500
# Nr of Knapsacks 
10
# Nr of Constraints 
2
# Items profits:
27 
29 
33 
98 
20 
45 
55 
34 
49 
80 
32 
68 
75 
47 
37 
96 
51 
32 
30 
59 
56 
82 
85 
87 
16 
69 
97 
61 
56 
51 
2 
42 
52 
22 
24 
71 
93 
6 
23 
24 
62 
38 
16 
28 
54 
99 
62 
36 
3 
9 
76 
66 
5 
64 
35 
68 
74 
67 
94 
26 
45 
23 
34 
57 
10 
10 
100 
59 
33 
98 
66 
40 
4 
94 
97 
54 
84 
34 
100 
33 
75 
36 
2 
5 
79 
90 
19 
82 
71 
77 
54 
19 
3 
19 
86 
79 
59 
42 
91 
65 
45 
94 
52 
82 
39 
2 
18 
65 
48 
26 
53 
55 
84 
24 
76 
37 
39 
65 
63 
67 
51 
28 
4 
63 
81 
51 
95 
92 
14 
30 
75 
21 
4 
64 
90 
90 
35 
92 
89 
49 
67 
97 
65 
82 
56 
10 
65 
45 
60 
46 
69 
57 
46 
32 
97 
11 
8 
27 
28 
24 
51 
1 
96 
28 
78 
6 
58 
16 
5 
20 
72 
75 
92 
90 
62 
45 
56 
66 
22 
14 
43 
16 
48 
26 
72 
8 
21 
22 
7 
72 
85 
58 
2 
52 
8 
37 
57 
91 
23 
99 
99 
43 
68 
86 
88 
89 
2 
10 
56 
39 
47 
2 
16 
43 
88 
51 
81 
5 
80 
48 
54 
8 
91 
92 
26 
86 
49 
77 
42 
95 
6 
61 
14 
45 
32 
75 
91 
98 
40 
11 
93 
6 
80 
72 
50 
95 
58 
60 
30 
47 
6 
58 
67 
13 
21 
40 
25 
69 
85 
59 
52 
54 
65 
37 
70 
86 
86 
85 
100 
21 
13 
54 
17 
14 
69 
58 
61 
24 
57 
33 
57 
89 
34 
55 
3 
58 
63 
76 
50 
82 
66 
31 
48 
12 
59 
54 
72 
25 
40 
56 
67 
66 
56 
57 
42 
16 
69 
4 
34 
14 
41 
50 
71 
56 
1 
44 
57 
99 
89 
62 
45 
60 
40 
14 
25 
42 
72 
86 
30 
27 
75 
45 
41 
94 
1 
1 
82 
56 
13 
78 
33 
14 
90 
35 
53 
60 
79 
40 
91 
88 
44 
87 
10 
53 
53 
75 
96 
42 
89 
39 
69 
99 
91 
76 
22 
64 
60 
95 
75 
54 
29 
77 
61 
18 
73 
56 
57 
24 
8 
19 
13 
33 
27 
63 
1 
82 
87 
43 
20 
22 
13 
86 
50 
30 
8 
75 
33 
24 
97 
25 
11 
77 
5 
25 
39 
28 
37 
57 
1 
85 
68 
26 
20 
47 
82 
10 
58 
18 
39 
65 
23 
77 
92 
23 
19 
8 
73 
96 
31 
18 
97 
20 
40 
70 
64 
32 
70 
79 
90 
1 
83 
47 
70 
57 
99 
12 
61 
32 
5 
59 
1 
90 
93 
63 
38 
18 
90 
96 
95 
11 
47 
74 
27 
31 
84 
16 
99 
61 
10 
79 
69 
66 
85 
57 
15 
54 
7 
62 
69 
77 
51 
18 
13 
9 
43 
88 
56 
3 
25 
63 
66 
51 
66 
100 
96 
40 
85 
64 
39 
65 

# Items weights:
33 75 
64 21 
45 56 
29 91 
4 85 
7 1 
66 44 
57 59 
27 44 
99 10 
42 56 
30 86 
71 53 
98 74 
55 60 
88 94 
78 84 
59 94 
20 36 
85 38 
94 77 
100 67 
89 84 
17 85 
100 56 
3 13 
17 80 
83 13 
85 26 
64 80 
35 98 
66 97 
31 9 
92 89 
39 90 
68 85 
22 83 
100 3 
57 40 
19 86 
39 6 
12 90 
45 29 
93 74 
6 23 
48 85 
35 60 
70 14 
83 49 
42 15 
35 96 
14 72 
90 57 
98 21 
56 77 
12 77 
88 21 
75 23 
89 7 
8 31 
27 62 
18 37 
57 50 
84 44 
30 32 
93 54 
48 48 
22 89 
11 13 
50 95 
100 84 
14 18 
46 57 
30 98 
30 85 
34 44 
70 88 
81 94 
66 40 
16 2 
75 77 
13 15 
97 35 
31 10 
66 76 
47 19 
46 67 
47 32 
86 72 
94 96 
29 95 
43 8 
20 80 
42 82 
59 11 
41 12 
86 52 
20 48 
44 25 
86 1 
10 99 
61 59 
11 76 
3 27 
45 7 
88 91 
32 40 
80 68 
83 62 
35 33 
59 9 
79 18 
6 28 
82 39 
81 87 
13 42 
47 14 
31 14 
65 94 
89 17 
81 73 
42 43 
56 76 
78 46 
77 88 
32 86 
39 92 
45 25 
63 57 
24 84 
58 43 
36 27 
15 59 
9 29 
6 58 
30 68 
100 42 
27 83 
75 90 
2 78 
98 74 
36 78 
84 17 
30 33 
64 58 
71 41 
96 92 
86 82 
24 82 
70 78 
71 95 
63 64 
34 49 
78 93 
27 22 
32 75 
84 9 
8 26 
68 78 
79 65 
37 75 
89 97 
66 32 
12 85 
70 34 
78 9 
85 16 
66 21 
34 21 
34 12 
12 75 
90 7 
78 15 
34 92 
60 15 
47 15 
4 88 
52 35 
21 16 
4 36 
41 44 
80 11 
78 5 
17 47 
85 26 
92 20 
29 88 
69 49 
8 84 
38 2 
30 96 
64 13 
99 67 
28 71 
37 29 
38 81 
32 15 
35 9 
92 6 
92 83 
1 84 
14 66 
51 78 
52 21 
79 63 
7 48 
55 20 
19 61 
71 36 
72 9 
10 6 
54 14 
66 82 
68 41 
4 29 
82 52 
6 98 
100 74 
35 84 
33 39 
62 56 
89 97 
81 26 
88 76 
78 27 
84 6 
43 58 
54 89 
40 4 
26 96 
39 31 
76 58 
83 27 
82 59 
91 97 
14 73 
6 95 
48 38 
57 15 
29 63 
21 48 
95 13 
27 38 
48 34 
84 10 
24 95 
79 62 
59 43 
13 100 
22 2 
76 29 
17 49 
64 58 
71 1 
1 29 
74 80 
70 57 
90 15 
59 19 
81 55 
19 66 
13 37 
50 67 
53 29 
61 31 
90 37 
53 46 
9 47 
9 74 
17 94 
34 97 
27 68 
26 99 
10 33 
49 95 
66 47 
22 97 
34 70 
49 69 
92 41 
33 40 
51 5 
17 38 
47 70 
12 46 
6 40 
50 52 
75 93 
19 8 
81 69 
46 20 
2 89 
43 81 
78 41 
69 87 
48 44 
83 62 
27 51 
28 83 
22 19 
22 37 
22 24 
34 44 
46 24 
14 77 
4 32 
31 95 
68 76 
16 34 
71 30 
96 69 
12 53 
55 14 
71 54 
62 76 
33 64 
81 75 
52 51 
4 12 
87 32 
20 44 
69 20 
67 57 
77 2 
22 12 
7 91 
88 14 
97 36 
36 22 
84 30 
53 82 
100 62 
37 48 
67 7 
21 47 
61 17 
96 54 
70 19 
2 72 
55 47 
99 22 
92 35 
54 42 
48 20 
79 26 
85 85 
62 3 
58 54 
4 78 
31 58 
79 48 
1 36 
79 13 
27 17 
91 38 
22 61 
7 48 
69 89 
87 32 
3 85 
10 22 
13 69 
15 100 
91 14 
4 98 
24 24 
83 96 
25 92 
65 26 
67 40 
78 31 
57 71 
22 33 
47 12 
94 17 
80 13 
89 73 
69 50 
89 48 
78 48 
23 87 
32 72 
95 69 
30 22 
70 92 
22 59 
69 15 
25 4 
3 100 
48 69 
7 94 
15 94 
91 62 
51 64 
31 85 
99 45 
97 28 
84 75 
56 95 
66 76 
9 94 
11 97 
94 12 
72 67 
61 58 
17 54 
36 85 
55 93 
100 1 
79 2 
84 45 
41 6 
13 98 
7 6 
52 45 
49 66 
17 11 
10 38 
46 59 
26 66 
77 61 
80 52 
58 8 
68 32 
24 74 
17 11 
52 61 
44 33 
92 2 
73 92 
48 72 
99 74 
4 60 
39 94 
3 44 
75 53 
52 22 
18 61 
55 70 
78 76 
98 36 
28 36 
3 22 
36 8 
90 38 
41 44 
58 63 
43 11 
30 76 
40 18 
73 28 
74 11 
5 7 
49 42 
45 88 
52 54 
16 75 
100 58 
51 92 
11 95 
83 43 
46 38 
35 76 
9 21 
77 38 
74 53 
56 96 
78 8 
56 37 
6 57 
1 97 
85 9 
73 45 
76 4 
89 61 
21 54 
31 71 
27 6 
25 24 
96 49 
47 70 
64 92 
19 32 
59 91 
11 18 
23 79 
52 88 
53 93 
61 35 
99 66 
31 82 
98 24 
60 20 
94 58 
57 59 
80 2 
86 99 
81 12 
93 99 
73 64 
# Knapsacks:
548 987 
805 694 
999 516 
816 723 
587 982 
616 802 
969 564 
826 619 
937 731 
5531 5692 
