# Nr of Items 
500
# Nr of Knapsacks 
5
# Nr of Constraints 
5
# Items profits:
275 
584 
604 
785 
112 
613 
321 
842 
381 
150 
20 
843 
959 
416 
815 
815 
696 
511 
105 
110 
267 
462 
827 
393 
868 
873 
805 
544 
76 
514 
788 
386 
913 
111 
871 
524 
17 
711 
867 
703 
358 
157 
613 
557 
810 
945 
991 
771 
147 
469 
216 
406 
246 
884 
271 
513 
511 
531 
998 
644 
485 
322 
18 
253 
785 
219 
352 
97 
399 
545 
57 
962 
18 
872 
382 
906 
554 
530 
698 
309 
408 
79 
325 
385 
103 
698 
758 
967 
955 
433 
607 
962 
580 
908 
532 
718 
771 
331 
610 
353 
410 
467 
538 
260 
423 
993 
294 
769 
352 
508 
18 
965 
534 
485 
947 
6 
565 
9 
497 
989 
425 
660 
231 
595 
73 
430 
553 
934 
598 
352 
243 
604 
219 
926 
887 
517 
333 
622 
94 
36 
35 
878 
212 
413 
126 
240 
896 
958 
105 
400 
528 
545 
888 
419 
855 
63 
483 
944 
457 
21 
587 
513 
940 
201 
986 
578 
120 
428 
654 
55 
870 
537 
492 
113 
779 
411 
888 
728 
620 
161 
306 
384 
994 
467 
137 
871 
119 
453 
155 
491 
509 
538 
305 
376 
381 
857 
398 
718 
948 
42 
15 
830 
309 
472 
371 
468 
981 
207 
379 
908 
33 
662 
570 
409 
440 
717 
244 
695 
782 
958 
649 
743 
381 
982 
489 
906 
997 
523 
936 
219 
652 
191 
403 
384 
444 
226 
808 
673 
835 
666 
456 
805 
957 
854 
358 
130 
18 
628 
632 
797 
285 
433 
692 
212 
361 
728 
171 
898 
108 
240 
416 
25 
271 
426 
504 
880 
787 
319 
842 
357 
116 
604 
790 
187 
896 
8 
81 
892 
255 
299 
246 
286 
867 
167 
877 
833 
104 
113 
126 
630 
212 
656 
133 
431 
302 
979 
623 
684 
545 
694 
969 
627 
225 
220 
838 
525 
491 
613 
865 
527 
680 
416 
446 
773 
713 
616 
899 
591 
259 
441 
475 
54 
587 
290 
344 
294 
657 
636 
391 
69 
231 
440 
143 
665 
257 
131 
128 
92 
870 
676 
263 
10 
820 
764 
815 
224 
951 
995 
783 
573 
41 
943 
362 
635 
353 
471 
473 
134 
591 
755 
913 
170 
349 
69 
34 
16 
102 
865 
220 
208 
984 
351 
738 
326 
61 
230 
713 
559 
564 
841 
241 
236 
851 
316 
618 
765 
663 
239 
415 
630 
841 
321 
708 
212 
994 
244 
26 
831 
686 
69 
1 
752 
730 
652 
771 
466 
648 
79 
22 
564 
569 
777 
368 
116 
449 
96 
676 
20 
581 
697 
274 
439 
670 
493 
922 
235 
902 
590 
544 
623 
545 
888 
879 
941 
108 
203 
649 
7 
488 
950 
516 
189 
750 
197 
829 
676 
562 
834 
111 
807 
747 
446 
548 
864 
480 
480 
792 
254 
171 
58 
812 
631 
248 
586 
255 
718 
869 
301 
454 
581 
675 
493 
83 
346 
714 
258 
544 
605 
887 
835 
268 
686 
432 
109 
331 
906 
788 
969 
41 
758 
295 
393 
525 
105 
787 
210 
185 
948 
206 
962 

# Items weights:
674 480 773 690 13 
803 984 448 439 832 
658 842 657 307 362 
802 738 727 351 384 
300 522 81 532 807 
690 380 224 66 480 
423 702 291 727 702 
372 712 694 648 272 
733 335 20 158 204 
920 260 111 988 768 
750 592 269 624 609 
195 742 624 27 851 
167 945 409 240 969 
584 857 868 733 113 
698 543 442 677 280 
843 59 806 803 971 
415 82 402 247 11 
448 693 712 475 498 
344 10 661 917 355 
514 134 924 163 986 
514 709 963 184 5 
521 892 1000 57 280 
166 664 172 139 68 
292 248 870 557 171 
150 648 590 978 720 
924 686 841 923 671 
61 317 569 748 743 
769 933 987 959 973 
552 828 354 527 921 
318 553 210 294 263 
728 143 108 254 137 
121 467 619 822 376 
456 282 914 809 927 
94 449 726 875 456 
107 579 115 258 466 
641 976 633 478 766 
271 254 5 200 11 
554 715 848 43 535 
790 571 106 801 76 
211 150 393 926 828 
843 990 377 945 574 
718 899 334 482 224 
656 986 604 889 546 
715 113 923 63 359 
549 49 255 478 535 
710 716 671 767 554 
685 844 161 8 378 
445 853 631 133 880 
546 667 971 516 36 
200 656 998 593 159 
417 289 421 286 684 
129 940 232 579 657 
888 775 953 742 412 
579 986 669 26 234 
995 370 784 846 785 
320 301 178 185 678 
109 891 82 870 588 
643 914 867 47 848 
731 425 98 812 398 
925 812 661 104 365 
812 518 277 779 663 
131 272 47 900 584 
677 684 11 775 847 
829 775 888 731 703 
841 811 79 26 701 
530 845 371 699 363 
124 961 586 823 245 
175 78 966 222 686 
976 813 333 640 358 
991 752 594 876 805 
329 498 907 822 400 
78 473 653 281 797 
859 51 549 588 109 
926 637 619 908 139 
338 296 895 825 390 
482 828 539 5 116 
113 813 904 433 54 
201 230 557 393 451 
420 442 552 230 683 
203 469 216 372 529 
224 52 251 1000 752 
608 373 17 3 392 
850 255 43 607 367 
143 50 416 4 857 
276 653 851 273 812 
595 359 212 899 708 
420 318 981 868 13 
432 134 494 587 446 
406 284 213 721 316 
771 985 515 998 836 
305 931 967 363 223 
944 588 330 123 174 
775 739 396 28 134 
869 973 461 842 816 
422 267 852 283 531 
68 257 173 765 83 
643 259 739 275 416 
679 916 29 246 825 
398 909 158 362 105 
869 77 272 672 870 
872 609 719 885 810 
274 164 110 52 154 
888 882 44 165 403 
27 465 905 866 747 
901 929 143 513 935 
39 658 806 73 473 
573 349 599 575 892 
809 640 951 197 793 
467 132 877 512 460 
930 199 957 163 243 
471 2 969 951 666 
516 368 857 226 816 
823 629 379 854 544 
122 941 955 360 772 
491 361 686 318 757 
373 433 4 375 730 
39 958 839 480 540 
600 458 437 828 669 
777 907 475 661 326 
891 404 818 35 458 
153 934 575 926 673 
636 571 169 601 988 
640 594 554 657 570 
362 180 628 271 601 
753 564 614 881 77 
852 320 470 431 936 
195 284 733 305 685 
415 55 330 366 588 
936 460 534 117 398 
726 701 454 989 139 
951 303 327 916 935 
138 852 598 796 64 
238 736 469 902 350 
201 926 245 181 551 
315 292 919 775 803 
355 93 173 449 111 
465 574 281 694 382 
632 881 936 50 266 
247 135 253 188 388 
238 629 407 110 512 
427 375 877 604 795 
760 526 718 556 170 
574 692 747 11 871 
321 769 10 301 996 
705 381 410 844 69 
821 256 83 329 674 
245 266 230 435 380 
505 705 492 227 868 
848 178 62 332 708 
882 212 681 196 701 
842 562 523 736 230 
921 215 583 632 765 
431 23 729 859 634 
79 439 910 640 990 
758 343 987 293 415 
883 669 754 765 28 
24 9 627 195 484 
480 339 865 12 655 
172 134 951 353 549 
717 290 87 259 155 
175 195 849 823 705 
109 721 605 391 599 
721 686 413 749 704 
982 612 392 641 258 
585 570 174 485 738 
926 367 133 436 882 
362 160 227 779 618 
887 30 370 717 375 
631 315 594 923 960 
315 786 375 791 590 
74 687 904 728 718 
323 506 379 288 864 
562 30 799 68 810 
867 556 794 412 345 
618 823 414 625 930 
464 614 500 637 133 
149 180 744 667 838 
162 549 433 717 412 
919 216 499 359 70 
428 721 176 937 351 
663 843 593 820 820 
617 764 462 923 516 
432 410 443 797 547 
42 790 995 899 772 
950 871 546 833 990 
634 798 856 922 980 
189 834 920 440 790 
75 879 628 356 209 
245 145 220 50 419 
658 324 838 81 540 
562 778 843 405 59 
38 553 932 751 430 
1000 243 394 42 808 
318 736 834 326 462 
859 291 409 789 155 
585 765 438 432 614 
91 640 138 751 358 
463 591 424 556 389 
742 517 232 146 471 
765 67 206 383 597 
888 303 195 929 655 
423 462 381 119 397 
804 804 807 186 706 
183 240 747 333 609 
814 208 541 121 305 
378 192 617 573 382 
425 684 458 201 675 
866 520 973 924 515 
499 52 829 354 475 
335 597 29 173 705 
816 356 269 18 338 
695 490 712 689 828 
915 375 790 858 668 
949 643 54 514 602 
617 413 885 494 911 
430 650 519 860 864 
688 479 745 87 167 
559 144 185 736 141 
172 402 802 489 775 
274 41 882 597 302 
657 405 695 765 698 
128 355 981 149 217 
787 272 584 995 639 
514 893 154 736 351 
427 858 315 6 547 
760 993 405 160 449 
76 806 738 755 232 
67 814 984 241 571 
643 690 137 511 330 
454 517 485 107 950 
741 572 6 180 481 
271 165 427 15 176 
514 227 498 112 138 
92 197 400 819 703 
175 159 444 954 905 
810 886 431 907 764 
761 61 886 594 729 
408 523 665 781 947 
101 2 768 13 923 
424 222 343 496 334 
979 698 945 2 252 
837 248 919 497 937 
354 773 76 387 736 
673 700 588 891 729 
15 438 39 859 12 
278 505 312 185 263 
151 104 519 377 977 
21 810 748 506 745 
259 703 416 623 468 
836 964 536 978 401 
819 503 586 513 235 
697 148 301 128 589 
370 109 462 941 593 
724 386 847 280 309 
49 327 214 115 922 
177 894 608 575 572 
176 289 538 186 994 
787 629 855 237 399 
70 926 464 664 839 
204 464 447 259 705 
801 544 20 347 998 
498 666 155 658 47 
161 325 357 352 346 
436 44 839 260 896 
823 879 664 247 361 
483 463 402 450 797 
594 495 983 26 545 
692 333 48 306 823 
705 167 434 609 224 
106 300 19 148 910 
341 194 278 131 168 
993 49 656 377 870 
365 241 196 762 929 
245 637 936 920 861 
180 980 936 923 888 
185 750 989 613 528 
408 434 987 522 708 
37 477 420 440 683 
505 550 539 534 145 
752 431 1 950 64 
137 919 614 14 717 
27 819 557 895 336 
202 491 350 280 984 
575 383 283 636 741 
458 296 119 705 801 
229 871 714 244 353 
387 840 501 487 714 
579 667 933 763 815 
503 439 113 863 877 
335 275 742 494 671 
504 356 930 539 848 
469 987 9 999 496 
206 825 105 508 458 
979 133 188 576 927 
809 911 357 975 754 
332 408 612 558 117 
70 98 950 991 820 
674 275 466 613 357 
501 854 710 936 812 
701 309 68 643 491 
872 764 369 43 999 
745 501 640 235 777 
712 468 182 923 788 
820 192 530 752 404 
922 215 822 987 930 
422 301 14 539 971 
671 953 794 610 546 
137 105 905 834 72 
855 201 162 229 509 
40 544 786 966 255 
823 613 528 374 543 
541 601 429 120 932 
609 486 523 719 867 
507 868 784 392 562 
873 172 544 349 520 
443 763 110 858 246 
600 135 332 339 504 
451 146 624 167 83 
361 218 605 740 249 
384 573 387 389 527 
185 205 327 604 972 
364 396 780 523 739 
499 127 202 333 91 
868 150 616 276 769 
120 405 90 649 519 
985 792 359 558 630 
853 747 743 857 935 
567 600 593 895 991 
630 109 675 408 212 
771 58 232 588 137 
345 1 138 732 969 
893 5 653 942 505 
269 316 212 499 663 
133 979 262 98 555 
680 783 399 462 318 
947 357 28 589 166 
248 189 552 805 783 
767 975 611 658 741 
817 675 656 455 38 
977 501 826 344 776 
669 339 276 244 421 
89 601 426 444 354 
81 846 78 81 276 
302 751 682 87 188 
355 476 824 471 628 
732 832 361 132 111 
944 522 543 209 898 
455 688 525 714 208 
108 873 740 528 520 
262 716 727 865 60 
643 734 654 53 566 
41 387 345 684 404 
172 19 276 826 351 
491 664 759 899 579 
789 776 768 165 24 
459 466 931 403 338 
17 654 677 67 516 
308 496 197 123 685 
549 696 209 741 258 
694 116 430 221 943 
626 640 287 409 871 
860 771 613 422 312 
412 131 908 560 751 
165 206 930 34 648 
56 521 57 535 767 
815 97 391 729 412 
61 132 368 956 126 
573 557 622 823 134 
801 882 792 88 233 
434 12 958 916 465 
899 595 924 67 445 
959 769 911 224 970 
512 201 369 112 278 
551 665 924 265 547 
271 64 133 871 638 
746 210 591 532 282 
935 315 379 601 906 
711 935 152 428 480 
80 15 955 84 286 
434 53 583 483 4 
750 71 951 875 944 
846 621 89 620 837 
521 676 993 152 753 
29 30 255 898 470 
922 304 752 281 951 
546 823 209 831 157 
391 487 210 829 360 
656 238 266 940 221 
295 650 716 561 689 
189 112 212 505 10 
417 744 101 900 308 
935 733 363 848 891 
919 490 617 291 255 
703 655 767 452 170 
576 410 658 633 376 
579 440 354 888 160 
585 800 210 752 855 
830 957 18 983 780 
981 434 235 573 516 
227 539 656 623 506 
99 367 624 91 910 
270 820 302 642 25 
606 160 997 734 333 
212 630 968 282 374 
466 979 50 857 623 
730 456 344 814 900 
329 876 541 623 79 
625 906 13 654 709 
245 385 670 771 491 
738 744 525 928 51 
639 801 708 765 372 
716 331 6 766 552 
246 729 629 138 415 
859 492 213 678 109 
19 579 580 886 338 
59 22 614 724 478 
113 197 748 144 643 
923 591 145 15 466 
938 147 33 442 553 
981 283 661 710 105 
284 961 246 140 469 
434 134 453 373 87 
90 224 66 397 299 
364 139 464 289 613 
678 716 124 814 907 
867 182 343 157 103 
355 263 110 762 700 
553 282 575 440 409 
889 732 837 317 238 
569 856 607 308 427 
753 235 575 696 520 
603 749 427 341 212 
832 604 647 414 864 
804 102 285 155 204 
824 339 667 711 296 
992 283 45 237 970 
2 464 645 911 104 
682 837 775 363 652 
495 81 111 722 293 
11 742 282 110 830 
829 790 119 710 377 
694 644 993 863 914 
903 216 235 837 796 
437 505 258 891 798 
565 398 366 693 591 
557 690 75 319 892 
522 852 657 54 57 
205 443 796 5 458 
747 177 702 440 626 
181 947 199 642 595 
869 965 862 727 205 
193 913 988 26 141 
543 388 867 60 739 
693 706 265 906 34 
70 491 736 745 281 
451 590 310 120 900 
495 429 853 505 58 
832 975 278 914 119 
135 97 519 145 161 
654 277 745 577 883 
654 715 244 111 983 
474 993 766 978 738 
362 420 757 37 234 
22 635 61 192 675 
591 112 205 355 758 
658 419 115 464 274 
235 684 830 887 269 
220 321 934 393 847 
168 425 380 601 537 
647 817 248 527 404 
178 616 393 399 770 
600 367 584 44 371 
160 843 296 425 627 
900 90 227 266 348 
799 901 622 627 678 
86 977 961 937 748 
945 727 243 310 232 
429 351 363 16 73 
68 127 727 745 831 
866 748 858 331 60 
151 613 240 137 326 
344 961 603 897 766 
536 644 440 2 75 
509 71 151 935 835 
336 507 907 353 992 
101 958 663 222 957 
647 911 95 400 781 
830 69 155 109 280 
67 158 973 564 830 
710 587 803 323 547 
403 297 525 663 64 
962 472 430 908 446 
778 686 886 782 631 
360 449 167 455 255 
102 448 379 254 843 
333 447 592 849 792 
688 148 58 743 576 
65 602 6 169 899 
278 82 126 893 596 
207 608 643 704 6 
# Knapsacks:
24148 30162 29078 26287 29474 
30533 29793 26792 28027 27566 
29267 25227 24316 21726 22459 
29184 21579 29736 28495 24877 
70747 72642 72054 74901 79847 
