# Nr of Items 
500
# Nr of Knapsacks 
5
# Nr of Constraints 
5
# Items profits:
42 
57 
68 
52 
63 
31 
42 
45 
59 
60 
73 
96 
80 
87 
88 
81 
78 
98 
31 
24 
66 
22 
69 
84 
61 
70 
27 
75 
75 
51 
31 
16 
61 
35 
87 
81 
29 
31 
60 
91 
84 
32 
16 
89 
59 
84 
76 
62 
44 
99 
16 
26 
81 
23 
31 
50 
29 
100 
8 
89 
56 
81 
44 
69 
38 
58 
18 
88 
68 
13 
2 
16 
40 
93 
67 
85 
56 
27 
30 
93 
16 
100 
57 
36 
46 
57 
17 
66 
64 
72 
65 
31 
50 
96 
33 
48 
85 
66 
25 
60 
42 
35 
88 
28 
70 
28 
58 
79 
76 
38 
99 
80 
18 
47 
22 
4 
29 
92 
7 
74 
45 
21 
22 
67 
46 
28 
46 
59 
95 
19 
32 
74 
6 
34 
74 
68 
82 
51 
45 
49 
33 
11 
24 
86 
27 
27 
51 
80 
82 
28 
33 
13 
64 
27 
91 
31 
33 
30 
52 
16 
22 
37 
99 
63 
68 
83 
96 
58 
16 
56 
60 
54 
5 
69 
85 
100 
81 
11 
52 
71 
85 
73 
8 
99 
97 
30 
24 
73 
61 
4 
13 
29 
100 
9 
2 
35 
16 
77 
59 
40 
36 
61 
15 
75 
59 
4 
35 
12 
90 
17 
29 
29 
38 
71 
82 
4 
48 
78 
77 
55 
28 
44 
71 
17 
56 
53 
21 
11 
34 
20 
2 
100 
14 
40 
82 
38 
94 
68 
89 
55 
53 
36 
34 
90 
41 
3 
65 
92 
6 
59 
51 
36 
65 
25 
80 
20 
90 
47 
13 
62 
27 
84 
68 
20 
59 
92 
82 
76 
84 
34 
10 
2 
10 
5 
88 
26 
7 
43 
88 
32 
9 
34 
64 
88 
52 
79 
78 
50 
26 
66 
64 
35 
41 
73 
35 
95 
69 
37 
22 
86 
88 
56 
40 
32 
81 
58 
50 
53 
58 
45 
63 
6 
19 
38 
30 
55 
77 
66 
88 
63 
64 
82 
88 
12 
74 
51 
18 
97 
34 
31 
9 
7 
27 
68 
62 
9 
38 
88 
55 
28 
28 
60 
74 
100 
70 
90 
4 
85 
16 
6 
58 
40 
48 
87 
12 
44 
73 
35 
21 
18 
17 
15 
85 
2 
75 
12 
40 
17 
22 
68 
21 
17 
72 
92 
93 
88 
68 
20 
22 
35 
34 
43 
8 
31 
2 
65 
36 
63 
10 
47 
21 
14 
30 
15 
45 
65 
45 
54 
75 
68 
35 
29 
11 
18 
54 
13 
12 
36 
52 
7 
44 
63 
77 
97 
31 
22 
23 
32 
52 
70 
21 
37 
36 
22 
41 
73 
49 
79 
18 
5 
1 
58 
95 
7 
58 
66 
70 
27 
80 
31 
34 
75 
6 
59 
59 
97 
9 
44 
38 
88 
80 
23 
34 
48 
31 
76 
74 
7 
26 
93 
1 
41 
84 
51 
92 
57 
4 
61 
68 
15 
59 
93 
83 
53 
84 
17 
19 
14 
48 
64 
18 
38 
61 
20 
49 
28 
79 
50 
93 
83 
94 
57 
69 
18 
34 
64 
16 
78 
2 
15 

# Items weights:
6 9 79 63 5 
24 79 19 20 44 
43 100 72 68 96 
30 66 2 60 38 
19 40 19 60 86 
90 28 27 57 82 
87 42 7 41 81 
62 68 62 77 6 
66 68 94 38 53 
10 14 57 30 8 
40 75 24 14 95 
75 69 10 75 9 
72 81 14 10 84 
25 89 60 58 65 
82 4 88 29 37 
100 97 75 74 68 
65 83 33 28 31 
32 63 90 70 25 
68 30 96 9 52 
47 27 3 97 88 
79 85 85 91 2 
16 66 71 20 92 
21 45 70 20 33 
1 94 35 37 44 
48 15 20 23 100 
85 64 83 74 43 
94 91 37 24 79 
61 46 69 34 15 
39 65 84 61 20 
21 55 94 90 52 
20 60 72 92 48 
80 57 41 32 42 
18 19 54 95 78 
53 93 37 76 1 
36 48 90 21 36 
20 63 31 54 68 
12 84 73 62 46 
41 34 85 19 25 
89 53 2 86 31 
68 40 94 22 36 
95 91 19 4 50 
51 98 25 88 63 
14 62 99 61 30 
44 65 33 77 82 
85 50 65 40 30 
19 72 75 86 37 
40 77 55 64 13 
57 7 36 39 55 
98 74 9 5 62 
22 79 51 85 48 
53 38 50 13 84 
34 92 69 70 44 
14 53 99 35 37 
10 80 1 44 95 
1 87 30 35 29 
66 65 42 8 78 
58 56 58 33 86 
43 73 50 80 45 
55 19 60 91 67 
3 27 49 92 10 
59 18 2 30 62 
87 38 65 88 77 
66 84 100 68 39 
43 2 29 70 29 
47 68 31 49 38 
49 87 52 15 43 
84 22 60 53 45 
16 30 74 86 47 
70 7 21 97 72 
44 19 3 37 13 
33 17 4 50 26 
19 25 72 82 42 
13 79 81 98 85 
3 97 35 71 100 
11 23 77 64 74 
19 91 9 62 78 
31 18 54 95 23 
29 35 47 58 50 
88 37 73 50 70 
87 11 99 78 10 
95 69 59 39 55 
37 85 16 17 50 
20 49 12 41 49 
10 47 78 17 88 
98 68 54 41 58 
81 85 55 41 88 
6 55 42 9 54 
88 4 4 76 88 
80 90 49 80 11 
33 34 85 3 61 
87 66 47 14 71 
71 33 11 52 24 
35 67 93 32 86 
72 83 25 50 51 
68 31 32 16 50 
96 20 40 2 23 
85 82 70 83 21 
81 47 92 86 92 
42 62 85 76 78 
89 37 40 4 5 
80 75 59 9 33 
6 92 18 71 98 
16 8 14 62 85 
57 71 57 92 43 
8 22 69 66 84 
91 19 13 33 79 
86 23 8 85 38 
80 93 49 1 86 
6 63 12 27 74 
14 96 7 54 1 
83 66 99 43 59 
14 27 100 64 16 
37 97 91 41 35 
14 79 50 8 73 
22 82 81 35 95 
72 27 45 34 60 
3 16 82 35 7 
91 17 83 1 39 
99 53 46 34 31 
92 61 76 35 77 
19 3 34 24 87 
63 29 37 93 26 
41 78 73 11 79 
36 20 68 29 62 
24 20 90 59 9 
69 44 25 72 87 
72 11 44 35 25 
22 31 88 24 17 
31 15 22 46 46 
57 27 16 46 42 
79 100 22 94 92 
60 57 73 85 66 
63 39 58 71 48 
16 96 82 6 6 
98 17 16 53 5 
11 50 49 83 96 
15 98 55 22 97 
39 73 43 96 3 
76 36 74 70 67 
62 9 83 21 46 
33 56 63 9 80 
39 64 40 59 34 
80 62 80 44 81 
11 37 52 99 22 
75 61 20 41 58 
64 37 65 36 54 
91 69 62 21 49 
76 8 43 65 76 
100 44 56 7 9 
5 32 71 5 79 
2 85 54 98 29 
34 71 71 56 53 
95 97 1 73 77 
37 76 22 100 1 
98 9 90 55 89 
75 24 99 1 95 
21 33 72 15 42 
78 32 38 91 89 
23 62 79 41 13 
2 23 64 44 43 
30 77 88 35 58 
40 65 33 54 65 
15 84 7 95 38 
20 43 92 15 80 
87 63 51 13 14 
1 30 94 92 79 
46 57 13 63 65 
92 87 11 29 57 
39 54 39 56 32 
90 93 22 30 33 
76 52 43 94 33 
26 86 32 44 37 
69 61 69 72 81 
83 76 9 19 44 
84 67 65 24 71 
46 87 67 28 99 
75 60 51 86 75 
93 37 16 44 100 
14 99 38 10 80 
69 46 71 83 35 
98 96 84 96 55 
86 87 7 94 77 
71 32 21 46 80 
21 18 17 91 50 
51 27 73 79 50 
14 14 59 7 6 
10 70 12 19 59 
84 34 45 91 28 
35 78 53 96 94 
46 100 64 61 28 
76 23 42 51 86 
96 69 74 75 100 
81 87 12 96 73 
7 35 35 17 70 
10 62 63 56 57 
6 78 34 32 49 
91 63 54 60 51 
7 44 51 23 25 
65 98 50 28 46 
6 13 68 49 89 
12 9 84 79 50 
81 89 22 17 68 
72 46 84 13 15 
8 40 51 77 36 
17 98 20 31 56 
43 23 91 20 28 
95 27 82 6 22 
71 79 85 20 96 
86 12 55 68 31 
54 12 12 19 36 
51 86 2 10 91 
52 25 30 86 85 
53 44 85 86 10 
91 28 64 66 4 
52 88 91 36 3 
58 22 29 80 46 
44 69 19 19 98 
62 4 13 58 92 
85 97 8 50 1 
98 12 30 27 41 
98 11 46 46 84 
62 42 98 68 89 
96 10 45 15 88 
51 51 3 59 45 
1 73 93 3 34 
26 28 33 17 77 
23 95 63 3 45 
82 73 6 82 85 
72 100 30 25 10 
23 82 12 1 73 
7 1 26 68 24 
14 15 47 75 12 
93 74 86 67 99 
91 35 34 64 41 
93 46 45 40 58 
11 59 65 69 30 
58 24 8 52 10 
23 77 38 61 74 
96 5 79 24 10 
49 92 69 17 65 
47 4 77 92 29 
2 51 89 95 17 
88 100 98 97 59 
52 70 56 60 52 
28 61 60 1 13 
96 17 46 55 89 
79 46 54 62 51 
89 15 43 31 9 
70 83 2 15 24 
35 84 68 69 60 
54 94 17 36 57 
26 60 89 45 21 
57 48 74 2 74 
65 99 25 22 27 
99 83 35 82 94 
68 63 90 78 97 
58 67 80 91 94 
48 32 8 77 9 
94 97 50 54 82 
87 50 65 75 65 
41 4 84 27 84 
88 50 74 100 43 
87 75 78 55 10 
23 67 53 84 76 
95 70 75 96 47 
45 1 51 35 16 
74 76 49 73 94 
36 31 42 74 44 
88 73 51 54 91 
98 38 85 5 85 
64 17 59 53 79 
1 42 8 49 45 
52 89 33 68 14 
26 16 46 55 41 
71 67 81 95 40 
47 23 28 100 38 
44 17 41 34 14 
16 28 85 32 56 
72 11 96 51 8 
69 10 65 97 92 
76 1 63 37 84 
11 95 43 76 46 
21 25 69 100 41 
100 37 11 74 37 
69 78 19 74 50 
53 96 1 17 87 
80 30 21 53 28 
87 3 73 67 1 
7 9 89 4 44 
62 47 87 10 51 
69 74 33 4 75 
62 12 43 30 13 
28 32 48 14 48 
48 97 1 91 39 
66 71 30 17 13 
78 100 94 34 91 
65 70 65 34 41 
35 70 81 98 13 
24 12 41 50 70 
98 28 57 1 82 
22 55 75 97 6 
49 78 77 86 42 
86 60 6 25 88 
26 90 89 87 13 
13 53 34 74 62 
66 77 91 8 85 
40 57 36 44 45 
62 38 79 90 67 
100 90 95 71 42 
4 3 60 9 56 
36 14 89 55 65 
86 97 21 84 51 
19 16 10 60 96 
82 14 87 31 21 
15 70 65 5 13 
27 10 92 64 52 
66 3 94 80 84 
31 11 17 32 85 
64 11 18 67 44 
67 9 69 42 13 
5 32 75 2 61 
3 74 11 62 47 
42 61 84 28 48 
59 92 39 99 81 
10 77 61 46 47 
75 48 73 46 32 
84 85 1 35 60 
26 22 13 83 25 
80 2 72 62 58 
40 86 11 30 31 
30 95 57 97 39 
70 3 83 87 19 
61 28 24 14 60 
44 77 9 76 4 
100 76 2 17 77 
17 58 29 47 85 
60 1 29 64 81 
21 9 50 68 100 
44 25 10 37 27 
24 70 21 18 17 
1 26 83 38 84 
3 77 87 22 30 
99 99 78 14 31 
58 90 92 14 14 
98 90 6 28 6 
33 47 76 10 98 
68 93 88 60 98 
72 5 55 97 3 
11 77 78 31 49 
42 38 74 64 48 
30 31 96 88 16 
52 24 61 35 32 
72 86 91 89 73 
32 19 32 94 96 
29 58 98 100 23 
33 60 38 82 44 
58 46 23 51 53 
59 57 5 73 83 
68 21 72 16 84 
25 41 3 89 56 
52 11 5 98 1 
81 53 98 77 94 
30 51 8 52 12 
88 46 36 18 84 
73 22 23 67 92 
38 75 79 69 44 
23 19 69 35 51 
49 35 60 21 48 
70 98 46 52 34 
4 40 37 57 20 
91 63 8 12 66 
35 98 85 4 85 
11 75 53 49 18 
10 3 48 3 9 
89 66 31 88 97 
19 4 33 85 24 
86 85 48 93 27 
48 48 25 50 64 
32 87 95 2 68 
82 26 25 92 10 
61 79 60 7 85 
84 36 59 67 73 
75 48 60 12 52 
40 96 3 2 67 
75 97 12 1 31 
81 56 65 39 71 
27 57 24 76 34 
49 49 67 39 74 
70 35 48 81 82 
98 26 65 57 59 
6 11 75 27 17 
80 26 16 58 42 
4 88 52 88 11 
22 48 97 53 60 
1 42 15 2 90 
11 15 31 92 21 
29 76 100 62 99 
39 1 4 78 30 
82 75 59 49 2 
24 58 41 94 42 
6 67 44 1 13 
59 78 44 9 34 
37 79 98 79 81 
96 96 72 60 42 
49 88 72 42 53 
5 59 5 1 15 
29 23 56 85 68 
1 7 37 27 41 
87 27 28 55 74 
6 32 67 66 60 
78 55 6 88 46 
90 79 18 84 69 
80 13 43 64 55 
17 61 50 50 48 
59 12 69 27 10 
93 33 63 36 90 
11 64 35 91 88 
97 43 3 16 91 
48 6 6 34 21 
38 76 91 27 5 
98 100 42 40 77 
64 78 62 16 65 
68 59 85 86 6 
2 7 39 25 7 
1 100 32 50 47 
82 5 37 13 75 
19 10 9 67 73 
60 17 17 56 41 
10 2 82 29 45 
85 37 43 92 22 
11 10 25 33 22 
92 86 33 56 9 
14 7 52 75 91 
53 83 37 42 57 
13 9 75 69 61 
10 76 14 95 34 
16 9 33 84 12 
43 46 62 58 25 
3 14 72 22 96 
98 95 23 79 3 
100 18 25 18 32 
32 63 85 21 26 
59 33 80 36 17 
72 21 57 63 87 
83 19 73 70 88 
66 53 8 98 76 
53 18 37 53 75 
56 24 30 39 72 
27 94 72 54 4 
61 70 46 100 18 
75 97 67 75 29 
70 92 46 64 70 
68 97 41 69 98 
26 41 44 12 44 
48 89 35 68 76 
45 50 89 58 36 
99 57 74 46 75 
30 10 26 24 63 
47 97 15 75 16 
42 56 53 90 61 
23 36 34 6 1 
74 73 86 89 43 
94 23 39 33 6 
57 15 63 97 95 
23 80 37 62 56 
66 76 10 99 46 
56 26 8 49 30 
78 32 6 31 94 
72 67 23 39 89 
9 65 100 24 2 
85 40 59 25 92 
7 12 29 25 4 
98 85 12 71 20 
54 1 20 77 17 
66 96 14 4 97 
63 57 27 20 52 
22 93 59 61 96 
87 77 16 34 30 
58 10 80 10 14 
92 7 64 69 22 
28 41 22 89 58 
17 8 41 81 93 
13 23 48 100 30 
46 88 52 28 56 
66 78 6 46 86 
28 59 59 39 38 
22 62 77 25 27 
90 85 62 37 25 
41 10 94 3 60 
9 86 35 76 21 
89 14 57 66 36 
22 92 60 26 32 
29 27 92 44 88 
31 4 9 31 49 
69 58 84 84 35 
36 21 80 43 37 
44 45 13 99 52 
100 75 15 84 88 
81 88 69 94 7 
75 9 36 46 33 
# Knapsacks:
2692 2536 2501 3061 2416 
2915 2739 2288 2982 2620 
2338 2211 2055 2461 2517 
2346 2775 2133 2660 2546 
7677 7703 8009 7203 7673 
