# Nr of Items 
200
# Nr of Knapsacks 
10
# Nr of Constraints 
2
# Items profits:
55 
55 
77 
25 
2 
94 
54 
89 
6 
78 
38 
12 
76 
5 
48 
65 
77 
45 
69 
11 
49 
88 
81 
68 
2 
2 
58 
36 
26 
86 
39 
37 
36 
61 
77 
36 
92 
49 
36 
66 
73 
73 
50 
53 
53 
6 
90 
78 
88 
57 
87 
28 
74 
41 
35 
91 
55 
21 
27 
63 
100 
90 
21 
58 
57 
19 
9 
93 
50 
26 
33 
3 
7 
39 
67 
62 
96 
72 
90 
54 
58 
68 
86 
32 
52 
5 
93 
25 
85 
21 
60 
6 
95 
30 
9 
19 
54 
97 
43 
7 
63 
5 
43 
95 
25 
84 
63 
32 
22 
67 
67 
76 
29 
65 
87 
4 
76 
41 
16 
19 
13 
43 
36 
43 
47 
80 
73 
81 
79 
48 
24 
52 
24 
1 
41 
95 
29 
37 
96 
16 
30 
67 
89 
100 
19 
72 
68 
9 
45 
37 
11 
59 
70 
29 
13 
91 
35 
72 
13 
75 
96 
39 
68 
60 
73 
55 
76 
14 
45 
5 
27 
4 
37 
52 
92 
35 
31 
82 
42 
62 
40 
89 
86 
9 
91 
65 
78 
19 
88 
20 
16 
42 
26 
6 
35 
93 
86 
16 
38 
21 

# Items weights:
31 74 
75 4 
87 46 
55 43 
73 19 
17 36 
14 87 
77 76 
43 60 
21 40 
95 88 
43 15 
87 64 
93 74 
57 7 
74 50 
85 79 
51 88 
48 65 
54 79 
17 42 
17 71 
83 24 
96 61 
69 39 
2 87 
15 45 
77 95 
12 75 
63 82 
36 27 
20 13 
64 33 
75 66 
21 38 
10 44 
27 95 
13 41 
68 58 
59 13 
15 49 
52 32 
48 95 
17 62 
83 65 
67 60 
9 81 
74 53 
66 90 
64 34 
98 74 
18 58 
99 81 
75 60 
25 13 
82 16 
91 78 
99 90 
91 63 
65 27 
69 61 
96 31 
51 21 
25 97 
100 76 
16 34 
38 43 
63 27 
2 65 
88 2 
25 67 
40 16 
23 41 
63 40 
35 95 
47 82 
16 24 
98 92 
37 90 
27 60 
35 4 
56 22 
13 79 
46 36 
10 57 
98 4 
95 51 
28 53 
9 66 
19 50 
80 15 
59 93 
100 6 
12 77 
40 74 
33 47 
41 55 
34 69 
82 86 
65 3 
6 25 
93 71 
52 96 
18 55 
96 68 
51 47 
32 79 
12 49 
1 18 
23 11 
35 92 
81 99 
100 59 
23 96 
84 7 
24 65 
15 59 
69 93 
50 1 
67 89 
81 31 
96 83 
80 66 
51 30 
94 1 
52 65 
5 48 
68 50 
16 54 
57 81 
76 47 
59 33 
32 45 
65 55 
29 28 
12 47 
22 61 
2 62 
10 67 
94 61 
26 5 
61 73 
98 16 
9 10 
29 88 
93 25 
56 87 
6 29 
76 85 
28 25 
92 25 
22 100 
64 100 
60 82 
31 36 
5 64 
70 19 
56 93 
29 42 
71 82 
54 72 
17 62 
41 52 
6 15 
75 3 
95 100 
64 26 
95 28 
69 34 
9 88 
70 25 
47 53 
40 4 
29 78 
78 23 
70 20 
58 27 
42 56 
89 94 
85 29 
36 94 
72 82 
91 90 
93 9 
86 63 
90 22 
30 16 
1 89 
61 94 
7 22 
92 56 
85 61 
1 15 
82 43 
53 20 
54 55 
56 82 
100 17 
77 96 
25 89 
# Knapsacks:
360 244 
211 311 
260 343 
383 353 
379 311 
225 216 
334 254 
310 221 
245 268 
2313 2429 
