# Nr of Items 
100
# Nr of Knapsacks 
5
# Nr of Constraints 
5
# Items profits:
58 
13 
88 
35 
76 
64 
2 
23 
39 
46 
99 
27 
83 
48 
37 
63 
99 
87 
63 
10 
77 
70 
93 
72 
8 
40 
1 
72 
92 
24 
11 
18 
14 
44 
10 
26 
23 
3 
5 
16 
76 
20 
20 
63 
85 
77 
85 
91 
27 
93 
20 
40 
37 
63 
76 
61 
57 
33 
88 
65 
40 
90 
75 
82 
70 
53 
45 
10 
72 
29 
61 
37 
37 
83 
89 
87 
18 
40 
18 
19 
3 
89 
94 
17 
24 
37 
36 
6 
13 
67 
28 
63 
3 
94 
49 
70 
81 
36 
70 
62 

# Items weights:
67 42 84 9 36 
14 67 81 40 20 
40 68 28 83 39 
46 68 81 52 27 
67 96 30 69 85 
71 54 85 74 11 
10 46 37 65 72 
80 42 14 62 42 
81 38 21 31 95 
24 74 76 80 5 
27 29 42 77 24 
34 23 11 16 95 
52 54 2 47 60 
3 6 41 75 58 
23 9 79 81 4 
27 46 70 27 35 
47 22 22 66 90 
43 71 81 60 57 
98 2 84 10 60 
2 71 18 99 34 
87 77 44 62 71 
82 22 86 81 79 
99 84 50 55 55 
42 95 88 20 61 
44 98 72 20 71 
38 34 70 58 25 
82 40 86 56 5 
51 82 8 14 64 
74 19 28 41 5 
46 47 39 81 64 
20 68 83 41 71 
13 66 95 51 9 
16 2 13 47 35 
1 61 55 27 23 
46 51 55 13 12 
43 2 58 29 65 
12 91 13 87 65 
73 64 16 29 18 
16 64 73 92 32 
40 72 18 65 40 
67 58 48 18 24 
40 63 95 60 68 
16 43 15 74 55 
72 92 5 55 8 
11 33 2 62 6 
85 89 80 2 52 
40 28 20 98 74 
42 3 42 68 8 
7 100 90 45 16 
62 63 79 39 74 
70 99 86 100 92 
54 74 63 78 85 
92 74 24 62 37 
70 60 99 26 9 
25 97 7 24 60 
35 21 73 16 30 
93 37 95 97 8 
79 12 61 74 37 
98 31 14 89 95 
88 40 86 29 27 
99 62 57 42 97 
23 83 65 10 21 
17 71 33 8 54 
38 54 32 37 60 
8 71 80 75 53 
77 76 82 22 89 
23 50 3 31 99 
83 62 99 48 13 
37 52 54 95 100 
47 55 80 76 60 
54 1 67 7 19 
46 85 62 7 51 
35 100 58 52 41 
25 99 20 65 13 
14 63 25 95 25 
56 11 71 49 31 
92 89 1 46 100 
56 45 61 21 24 
60 93 86 43 34 
68 39 53 19 65 
81 76 69 26 97 
94 51 7 24 29 
89 80 60 82 17 
5 35 36 85 81 
99 7 6 77 62 
74 47 58 20 42 
83 46 36 1 83 
54 65 47 76 60 
72 33 56 31 97 
64 59 55 32 8 
1 25 70 35 11 
92 97 27 51 9 
29 34 17 78 16 
44 11 16 56 93 
62 68 92 95 74 
93 37 65 30 51 
65 30 6 37 78 
37 38 7 43 65 
77 4 35 94 91 
89 48 11 6 21 
# Knapsacks:
303 391 378 334 294 
258 257 319 298 287 
306 409 207 223 228 
328 383 281 299 335 
1198 1169 1140 1164 1102 
