# Nr of Items 
50
# Nr of Knapsacks 
5
# Nr of Constraints 
5
# Items profits:
61 
43 
80 
19 
29 
33 
84 
80 
91 
45 
60 
61 
34 
33 
6 
88 
52 
35 
47 
35 
37 
91 
8 
16 
48 
48 
22 
7 
3 
1 
36 
1 
17 
26 
86 
77 
74 
95 
69 
85 
92 
15 
67 
17 
70 
57 
6 
37 
56 
32 

# Items weights:
89 63 82 71 61 
100 91 11 41 1 
13 91 93 13 12 
82 77 76 15 88 
23 64 36 18 20 
88 45 75 51 100 
20 93 53 96 33 
14 9 39 80 18 
71 22 81 13 65 
54 73 62 88 58 
76 32 34 92 11 
57 84 93 86 41 
13 75 36 86 76 
10 69 89 76 45 
23 90 46 59 42 
31 74 83 71 11 
25 80 85 43 36 
5 72 97 60 57 
76 70 100 88 79 
25 14 60 3 63 
35 24 54 84 34 
10 75 72 22 79 
61 74 32 59 23 
90 4 8 12 73 
28 21 47 60 86 
85 58 80 68 87 
87 63 79 54 9 
25 34 57 25 15 
25 96 43 31 55 
68 31 38 52 86 
97 74 77 16 66 
41 1 9 1 71 
28 96 50 4 31 
93 36 89 63 53 
85 92 63 19 27 
62 47 23 96 95 
81 82 46 23 24 
58 68 96 77 94 
51 9 59 70 75 
38 9 70 74 90 
44 21 27 70 18 
26 65 44 14 5 
12 71 51 39 95 
61 37 33 70 4 
41 54 63 67 15 
18 70 37 97 85 
65 75 11 28 93 
82 76 34 59 63 
91 60 59 42 90 
13 81 65 35 37 
# Knapsacks:
249 330 274 260 240 
278 314 246 233 238 
211 320 306 238 243 
292 275 274 261 258 
733 827 874 795 808 
