# Nr of Items 
200
# Nr of Knapsacks 
10
# Nr of Constraints 
5
# Items profits:
63 
492 
717 
602 
325 
941 
41 
477 
981 
206 
797 
550 
913 
516 
584 
904 
566 
618 
427 
866 
587 
339 
403 
835 
22 
762 
828 
885 
532 
544 
831 
269 
272 
541 
371 
753 
961 
908 
870 
87 
775 
202 
427 
459 
461 
93 
12 
856 
15 
432 
824 
948 
988 
188 
172 
15 
876 
7 
749 
883 
73 
200 
275 
652 
80 
839 
822 
887 
384 
640 
875 
197 
680 
695 
758 
608 
571 
396 
24 
44 
647 
911 
465 
70 
128 
491 
238 
791 
672 
486 
283 
784 
897 
165 
96 
613 
703 
355 
974 
781 
137 
346 
897 
399 
663 
39 
894 
453 
428 
416 
709 
260 
77 
312 
231 
832 
79 
824 
464 
834 
314 
654 
381 
21 
91 
313 
389 
211 
396 
609 
138 
531 
477 
961 
479 
84 
261 
648 
986 
986 
16 
658 
603 
959 
113 
690 
170 
81 
608 
586 
227 
833 
100 
560 
891 
721 
496 
937 
891 
20 
104 
984 
379 
632 
275 
567 
422 
933 
626 
114 
163 
982 
606 
370 
9 
678 
389 
718 
193 
978 
604 
458 
246 
148 
100 
11 
655 
997 
415 
864 
98 
664 
371 
993 
896 
861 
429 
657 
654 
962 

# Items weights:
820 845 70 394 485 
406 198 63 485 118 
235 171 946 54 67 
275 549 148 179 401 
631 80 254 273 618 
718 322 644 437 690 
853 836 388 434 595 
493 658 977 293 634 
330 511 653 1 459 
280 163 959 17 580 
20 597 159 213 162 
420 766 812 448 197 
903 242 691 619 967 
294 145 505 538 184 
283 712 259 95 728 
363 111 280 451 990 
467 681 424 593 486 
364 862 102 484 564 
225 70 801 415 973 
470 836 152 335 471 
30 530 39 778 297 
999 86 979 709 74 
511 579 269 520 725 
404 29 764 717 679 
801 119 940 540 870 
774 959 751 83 396 
541 911 692 364 589 
965 534 715 530 220 
559 491 590 928 554 
429 128 826 472 454 
825 706 559 346 372 
709 260 663 61 315 
150 772 279 400 166 
318 564 769 392 856 
841 302 982 227 652 
576 844 357 814 883 
219 769 71 578 331 
15 927 665 144 602 
428 824 558 55 527 
4 377 3 824 798 
434 428 405 421 582 
16 278 288 175 310 
157 558 860 428 955 
690 142 1 894 792 
276 104 783 97 766 
498 18 992 815 370 
88 352 960 110 510 
270 286 529 80 303 
839 219 341 58 25 
929 348 620 68 212 
828 434 316 621 3 
283 58 215 934 970 
498 739 754 100 555 
83 672 330 154 549 
648 670 676 445 732 
769 610 619 10 618 
927 19 116 799 24 
511 869 944 193 1000 
319 389 44 208 455 
191 337 290 616 21 
88 886 840 291 581 
64 658 847 764 632 
381 982 757 141 330 
458 636 121 392 574 
35 64 175 739 292 
944 689 19 196 406 
880 4 888 811 920 
925 569 499 985 527 
599 59 53 589 45 
718 311 33 167 169 
808 931 458 77 298 
215 515 990 526 896 
973 23 437 215 54 
569 56 937 198 860 
679 193 615 606 326 
912 91 667 227 766 
240 591 774 353 61 
803 294 954 9 21 
67 359 536 588 172 
797 151 572 824 558 
990 369 290 336 249 
568 649 82 524 841 
808 760 758 935 53 
128 366 940 323 183 
125 717 378 144 78 
613 982 300 612 393 
383 992 373 562 931 
778 696 122 249 44 
199 244 260 431 374 
434 411 672 345 712 
482 998 978 144 900 
50 273 615 156 359 
696 241 950 224 625 
369 448 247 796 563 
454 417 22 239 936 
635 909 788 141 712 
795 697 472 428 95 
197 294 828 856 152 
280 340 449 239 287 
914 44 534 298 469 
857 253 246 833 913 
516 954 45 532 353 
401 436 760 666 748 
614 902 843 198 657 
883 262 149 118 844 
765 362 56 662 887 
603 671 408 915 453 
207 182 298 111 158 
491 182 34 867 838 
723 429 856 600 607 
938 125 138 26 241 
344 809 463 98 618 
88 660 759 868 311 
66 870 926 805 657 
309 514 862 197 217 
702 895 166 632 350 
575 839 190 853 650 
390 832 553 339 556 
978 705 88 207 601 
623 904 987 507 939 
67 793 628 894 338 
455 633 167 953 660 
22 9 222 507 853 
292 310 9 399 412 
103 380 999 983 462 
960 377 938 16 806 
116 514 880 168 460 
240 584 969 164 216 
543 303 761 891 631 
83 235 108 869 743 
1 719 64 734 505 
631 940 838 225 214 
987 672 620 983 389 
15 874 828 677 400 
839 956 48 6 237 
97 642 856 250 183 
340 977 29 627 534 
915 228 895 558 773 
1000 303 96 276 351 
645 318 735 65 48 
302 750 626 455 855 
345 920 272 739 482 
207 594 485 279 909 
511 805 36 303 189 
821 468 756 29 514 
221 866 658 406 757 
714 558 563 278 65 
867 334 468 171 560 
584 147 582 460 687 
980 773 441 702 280 
899 16 741 971 893 
240 49 766 967 552 
426 275 596 393 987 
110 766 997 409 365 
795 918 120 562 176 
982 530 712 849 35 
437 424 701 7 981 
37 798 448 682 488 
95 601 869 346 264 
625 533 494 478 870 
301 545 114 479 508 
628 903 795 979 9 
764 292 292 313 782 
733 961 340 552 912 
252 51 878 663 147 
1 77 365 194 576 
483 690 163 298 549 
904 192 463 399 163 
433 642 741 685 309 
115 477 477 295 984 
221 234 789 177 324 
700 700 744 962 508 
791 359 614 948 170 
430 447 340 682 277 
568 741 771 788 136 
58 851 194 110 806 
381 785 865 988 721 
875 630 373 360 446 
242 541 295 363 988 
832 106 528 332 723 
617 190 145 868 309 
209 478 60 198 868 
65 302 540 687 137 
477 156 697 910 820 
452 961 852 395 601 
311 667 315 306 730 
258 7 881 837 39 
401 954 804 41 820 
18 517 807 233 396 
880 311 657 272 163 
695 592 652 931 114 
430 227 125 123 202 
39 872 764 665 638 
647 595 706 745 448 
687 28 311 232 182 
130 309 934 28 149 
172 967 708 112 489 
545 43 658 956 96 
483 639 695 318 357 
3 536 591 536 102 
# Knapsacks:
2523 3888 2298 2923 3562 
3808 3454 3879 3146 2103 
2033 3351 3977 1857 2626 
3687 2096 3526 3463 2272 
2512 3776 3954 2834 2479 
3605 3327 3322 1810 2842 
3563 2119 3227 1902 3138 
3140 3280 3691 3552 2431 
2301 3558 2455 2742 2760 
20681 21273 22390 19693 21940 
