# Nr of Items 
100
# Nr of Knapsacks 
5
# Nr of Constraints 
5
# Items profits:
741 
258 
460 
118 
210 
975 
555 
966 
844 
689 
841 
69 
934 
353 
863 
494 
844 
802 
269 
571 
244 
384 
49 
427 
414 
331 
483 
77 
829 
418 
720 
747 
605 
745 
413 
905 
923 
612 
448 
524 
472 
41 
779 
868 
231 
323 
177 
707 
995 
594 
71 
275 
658 
517 
253 
524 
533 
289 
555 
205 
255 
216 
445 
991 
402 
467 
752 
54 
214 
977 
420 
912 
42 
102 
112 
341 
665 
437 
282 
13 
126 
479 
676 
710 
833 
922 
464 
620 
217 
500 
630 
983 
553 
422 
537 
601 
60 
274 
943 
582 

# Items weights:
404 599 621 771 648 
993 757 288 594 144 
385 385 148 969 299 
663 465 358 9 960 
552 297 929 822 190 
512 841 100 203 607 
779 399 874 315 542 
733 117 553 314 423 
759 521 687 492 831 
298 813 329 662 926 
186 616 751 784 770 
43 866 502 899 883 
191 270 128 809 943 
840 656 947 744 324 
481 994 559 259 607 
605 471 373 2 805 
201 362 637 217 741 
648 352 415 871 511 
677 320 57 699 994 
312 627 290 575 690 
326 744 360 411 324 
423 239 534 5 592 
413 934 86 478 842 
724 979 248 747 320 
74 317 848 272 805 
744 986 945 412 828 
41 594 16 720 765 
930 819 512 29 865 
771 576 916 986 877 
177 509 453 580 104 
934 853 292 898 461 
70 153 658 457 325 
113 643 766 77 540 
755 929 303 793 235 
231 553 607 44 327 
252 454 729 791 290 
926 848 832 650 458 
401 399 711 606 487 
404 682 882 380 249 
829 292 570 955 550 
478 220 128 927 58 
215 402 847 927 255 
69 909 905 813 858 
650 58 716 848 378 
766 616 422 377 490 
843 226 515 119 288 
622 220 886 778 461 
375 52 39 884 775 
248 460 420 195 456 
174 12 10 806 898 
851 185 201 464 957 
872 68 488 431 140 
276 731 531 413 748 
698 939 754 605 839 
492 263 554 168 216 
349 365 898 229 428 
478 674 635 359 691 
20 635 911 208 577 
777 125 219 612 847 
72 706 412 48 547 
917 346 835 260 617 
41 266 347 524 719 
301 722 706 518 507 
284 444 425 999 553 
673 850 235 136 805 
908 142 709 592 311 
998 707 692 644 392 
62 762 937 19 299 
355 510 903 626 391 
157 674 541 421 124 
314 665 873 255 212 
215 200 708 989 655 
848 571 798 979 12 
2 721 116 686 632 
89 204 45 984 598 
142 865 142 377 335 
453 465 917 461 783 
953 729 632 633 681 
832 756 980 450 778 
817 301 691 663 236 
610 336 591 238 760 
434 610 868 44 542 
147 347 755 772 899 
460 45 355 989 372 
553 757 719 363 287 
695 382 706 1 730 
385 381 684 989 727 
190 666 268 319 555 
438 363 691 886 576 
406 823 404 139 182 
842 808 177 286 109 
810 50 862 144 467 
688 114 634 242 815 
437 717 533 504 306 
515 69 543 555 272 
394 396 665 887 391 
709 644 813 282 556 
995 309 27 502 420 
391 461 107 907 12 
813 23 304 315 10 
# Knapsacks:
5158 4865 5951 4388 5565 
5039 5430 5711 5357 4477 
5195 4100 6217 4227 5792 
5442 4908 4517 5046 5940 
14282 15498 15924 16537 15422 
