# Nr of Items 
500
# Nr of Knapsacks 
10
# Nr of Constraints 
2
# Items profits:
799 
298 
353 
576 
931 
592 
266 
186 
500 
306 
59 
847 
409 
972 
362 
839 
417 
615 
779 
804 
568 
297 
599 
197 
411 
496 
79 
674 
122 
35 
662 
758 
852 
213 
949 
493 
365 
416 
857 
267 
380 
145 
768 
558 
409 
150 
601 
89 
388 
65 
961 
636 
272 
887 
818 
676 
662 
577 
223 
116 
190 
446 
667 
493 
471 
204 
520 
73 
575 
890 
276 
503 
30 
412 
542 
274 
556 
49 
750 
92 
226 
804 
187 
41 
790 
925 
335 
251 
1000 
564 
430 
697 
970 
794 
12 
196 
652 
955 
292 
14 
564 
876 
13 
24 
620 
45 
104 
680 
509 
99 
654 
156 
977 
989 
853 
535 
862 
857 
761 
350 
390 
115 
295 
910 
371 
241 
565 
165 
119 
262 
870 
458 
225 
361 
155 
619 
163 
489 
164 
195 
41 
887 
612 
941 
572 
680 
482 
217 
859 
982 
100 
568 
178 
146 
431 
670 
772 
913 
187 
524 
348 
40 
738 
769 
146 
645 
575 
68 
280 
731 
476 
263 
819 
482 
836 
435 
30 
849 
304 
115 
298 
432 
869 
607 
642 
95 
83 
422 
834 
397 
8 
663 
959 
766 
868 
150 
674 
652 
663 
815 
125 
504 
509 
721 
720 
422 
794 
698 
541 
979 
961 
81 
302 
180 
79 
277 
608 
244 
484 
833 
201 
937 
338 
401 
908 
299 
903 
901 
965 
770 
214 
728 
8 
412 
571 
349 
419 
840 
43 
885 
947 
770 
537 
248 
308 
492 
822 
983 
378 
661 
609 
523 
644 
209 
773 
598 
528 
436 
744 
563 
416 
988 
664 
731 
107 
794 
705 
205 
273 
253 
818 
914 
62 
84 
534 
108 
239 
590 
998 
33 
778 
15 
636 
73 
751 
81 
355 
65 
237 
365 
875 
995 
783 
277 
330 
987 
644 
111 
476 
799 
181 
184 
707 
179 
737 
283 
634 
728 
164 
524 
716 
15 
350 
238 
235 
375 
223 
830 
946 
864 
992 
569 
220 
457 
557 
849 
686 
662 
94 
7 
41 
983 
36 
997 
563 
86 
408 
820 
3 
944 
774 
20 
243 
245 
721 
70 
272 
783 
952 
114 
453 
677 
53 
510 
151 
106 
510 
308 
419 
710 
204 
302 
457 
384 
985 
968 
532 
629 
158 
978 
555 
112 
938 
410 
335 
447 
518 
506 
743 
911 
597 
707 
809 
909 
193 
397 
487 
10 
736 
858 
634 
825 
708 
959 
363 
918 
913 
734 
996 
325 
497 
746 
646 
709 
540 
840 
413 
97 
475 
15 
134 
867 
411 
260 
217 
340 
574 
285 
369 
115 
540 
519 
833 
185 
537 
334 
457 
190 
920 
641 
143 
602 
948 
904 
426 
139 
39 
99 
167 
591 
195 
472 
935 
190 
669 
601 
89 
798 
425 
64 
401 
740 
800 
992 
115 
531 
327 
401 
57 
267 
553 
351 
39 
592 
171 
183 
265 
981 
855 
120 
260 
540 
986 
458 
191 
772 
664 
718 
957 
559 
271 
722 
259 
526 
688 
695 
732 
283 
833 
250 
589 
585 
616 
42 
346 
627 
786 
404 
912 
799 

# Items weights:
7 943 
21 455 
410 683 
913 508 
636 220 
989 774 
151 704 
248 865 
499 499 
493 629 
691 271 
155 170 
802 518 
139 461 
459 892 
535 637 
337 859 
56 621 
666 629 
47 722 
512 137 
690 231 
541 233 
820 965 
402 214 
124 346 
172 704 
769 598 
804 792 
748 935 
132 970 
191 179 
151 997 
808 304 
545 6 
770 951 
616 322 
980 819 
584 609 
743 339 
658 589 
628 373 
666 192 
187 898 
147 47 
698 426 
868 332 
793 907 
266 362 
395 233 
459 800 
15 919 
672 355 
588 757 
317 201 
198 378 
68 628 
532 703 
394 9 
500 526 
633 425 
445 736 
993 512 
240 234 
595 4 
923 211 
407 401 
121 953 
984 728 
649 111 
217 934 
563 934 
458 335 
667 74 
898 577 
736 829 
440 248 
69 457 
480 311 
351 389 
813 536 
438 485 
241 401 
852 1 
977 691 
473 249 
427 721 
291 597 
516 496 
530 127 
920 143 
18 814 
354 479 
976 824 
423 191 
218 498 
264 81 
356 786 
495 376 
490 477 
717 82 
118 357 
622 890 
809 821 
957 629 
231 967 
96 220 
702 749 
751 796 
463 182 
467 328 
926 38 
735 810 
765 692 
895 20 
104 556 
438 47 
373 405 
122 711 
480 3 
53 479 
763 92 
785 430 
911 633 
674 256 
721 28 
298 170 
980 927 
218 830 
647 548 
934 926 
202 753 
37 885 
760 858 
68 553 
637 93 
216 699 
907 400 
944 206 
257 856 
419 751 
870 629 
673 819 
545 515 
59 282 
531 482 
290 629 
825 547 
299 441 
372 190 
872 991 
585 256 
597 892 
826 716 
386 610 
344 461 
109 38 
596 457 
382 525 
216 814 
781 273 
103 970 
391 705 
227 160 
779 853 
394 770 
53 104 
210 161 
534 653 
820 10 
924 498 
886 168 
473 55 
932 865 
278 701 
365 111 
39 758 
52 796 
589 424 
507 652 
141 653 
954 600 
712 948 
634 191 
734 803 
603 114 
718 543 
759 821 
792 870 
277 656 
815 300 
763 347 
372 229 
368 914 
559 315 
403 606 
187 157 
898 817 
366 586 
533 886 
597 784 
221 632 
515 246 
167 451 
476 830 
247 383 
591 74 
950 775 
413 841 
620 413 
876 233 
712 746 
615 625 
235 150 
502 402 
950 12 
837 200 
251 715 
113 24 
698 677 
262 915 
56 368 
690 829 
361 225 
348 670 
311 87 
106 138 
429 31 
74 979 
619 850 
91 236 
633 719 
87 678 
707 846 
959 61 
2 387 
464 752 
897 715 
550 700 
223 110 
66 439 
120 761 
324 20 
285 145 
453 407 
938 6 
389 830 
738 293 
213 591 
357 866 
961 243 
916 241 
787 986 
545 3 
681 841 
917 468 
953 456 
96 397 
147 408 
829 807 
451 656 
793 98 
657 793 
148 225 
281 205 
161 88 
228 194 
522 670 
369 819 
591 793 
488 242 
69 641 
474 812 
44 956 
97 717 
367 533 
332 579 
909 346 
827 955 
98 83 
604 157 
990 523 
271 811 
97 709 
795 191 
548 495 
417 382 
172 986 
335 111 
741 456 
878 290 
159 617 
178 83 
711 669 
130 805 
144 208 
871 600 
379 563 
935 211 
259 174 
940 881 
741 765 
249 909 
68 531 
417 789 
195 547 
966 503 
168 810 
543 291 
422 503 
795 830 
313 836 
956 316 
201 346 
473 619 
149 117 
651 453 
484 982 
70 679 
217 740 
857 448 
460 989 
672 908 
303 475 
379 230 
3 503 
92 789 
697 327 
764 667 
254 722 
4 738 
593 161 
627 934 
903 274 
382 115 
119 625 
314 228 
145 9 
848 304 
558 404 
706 985 
627 152 
169 338 
92 84 
306 570 
194 988 
755 792 
572 437 
134 209 
743 164 
757 705 
9 864 
941 990 
73 671 
405 554 
538 976 
987 30 
551 708 
977 620 
412 618 
414 139 
509 81 
886 181 
105 969 
437 768 
345 901 
169 472 
723 111 
826 895 
619 890 
867 138 
924 319 
161 105 
246 275 
465 243 
374 462 
642 810 
654 508 
449 591 
466 130 
264 862 
7 311 
680 695 
552 242 
493 316 
70 115 
880 24 
330 340 
237 926 
288 919 
775 726 
933 502 
527 962 
885 125 
537 102 
261 868 
387 177 
383 290 
847 206 
276 872 
893 985 
444 706 
633 99 
271 111 
753 912 
244 410 
263 958 
740 15 
407 424 
496 262 
685 170 
260 286 
590 178 
497 1 
788 525 
962 813 
517 432 
890 227 
21 370 
37 636 
701 131 
626 821 
304 328 
864 991 
492 822 
817 25 
234 570 
955 805 
347 965 
549 565 
69 340 
725 280 
279 62 
136 190 
593 957 
409 264 
421 554 
569 330 
7 502 
330 490 
102 296 
965 214 
374 702 
429 894 
3 727 
258 695 
358 416 
850 814 
963 997 
182 125 
217 75 
22 490 
976 369 
649 746 
554 366 
216 736 
56 106 
141 505 
149 821 
22 183 
312 498 
471 378 
85 627 
3 844 
795 242 
772 529 
453 565 
327 310 
649 787 
97 231 
245 944 
420 748 
115 6 
320 737 
278 535 
641 678 
131 977 
468 741 
144 124 
52 89 
505 880 
224 420 
24 113 
41 43 
257 747 
761 602 
895 587 
674 277 
609 50 
958 689 
581 587 
722 560 
758 401 
936 524 
125 617 
410 16 
903 194 
771 720 
161 943 
710 277 
# Knapsacks:
7059 9004 
5965 5741 
7212 7824 
4995 9128 
5769 7417 
5667 8450 
4990 9588 
5931 7379 
5560 5681 
56500 54490 
