# Nr of Items 
200
# Nr of Knapsacks 
5
# Nr of Constraints 
5
# Items profits:
13 
2 
72 
87 
82 
30 
20 
23 
40 
1 
14 
35 
78 
32 
44 
81 
38 
80 
95 
91 
40 
3 
92 
85 
22 
41 
11 
14 
15 
85 
12 
74 
9 
42 
41 
47 
79 
7 
35 
28 
16 
73 
25 
65 
62 
56 
51 
51 
53 
54 
45 
61 
66 
96 
39 
65 
57 
4 
64 
61 
100 
54 
7 
87 
94 
75 
9 
54 
18 
30 
62 
83 
74 
18 
75 
46 
93 
98 
59 
35 
49 
9 
20 
70 
34 
59 
26 
100 
54 
67 
36 
76 
68 
40 
59 
47 
42 
29 
90 
93 
43 
85 
12 
74 
78 
60 
82 
79 
25 
16 
75 
22 
12 
46 
95 
42 
28 
99 
69 
50 
17 
16 
61 
22 
26 
3 
7 
90 
35 
60 
90 
43 
58 
50 
99 
44 
96 
100 
53 
26 
56 
64 
15 
45 
80 
56 
77 
62 
69 
4 
4 
71 
14 
26 
14 
19 
1 
92 
19 
60 
83 
25 
83 
20 
16 
75 
19 
25 
84 
44 
96 
5 
73 
41 
63 
19 
3 
91 
4 
24 
59 
95 
99 
64 
46 
41 
99 
91 
79 
5 
52 
73 
61 
54 
100 
75 
7 
2 
50 
41 

# Items weights:
86 12 54 95 2 
22 28 27 69 92 
32 31 10 71 91 
50 5 89 66 53 
52 9 64 41 3 
80 49 17 24 58 
22 86 35 75 11 
54 42 61 30 13 
74 47 33 11 76 
3 26 70 3 27 
53 63 87 54 36 
21 77 85 15 34 
49 11 8 34 54 
87 89 31 27 89 
81 51 72 67 89 
37 3 66 15 94 
77 28 35 4 16 
14 3 21 66 19 
56 46 16 96 52 
55 50 38 76 93 
43 82 73 60 50 
26 65 42 72 53 
26 33 61 64 91 
9 2 50 66 36 
75 56 77 74 38 
33 70 10 94 3 
7 28 42 44 9 
26 33 87 71 32 
94 23 92 62 44 
26 15 74 46 49 
42 13 81 59 44 
39 4 3 39 39 
72 89 29 64 84 
70 72 44 9 46 
11 36 99 70 79 
2 25 36 94 61 
74 91 5 75 42 
61 80 92 37 48 
68 1 69 6 12 
77 60 22 49 79 
51 60 24 92 52 
88 21 32 84 70 
43 50 75 66 45 
59 18 4 25 33 
57 32 52 70 26 
81 38 82 16 83 
68 35 3 42 90 
64 25 6 27 62 
79 59 28 89 95 
76 57 32 82 28 
34 60 6 23 28 
31 23 99 43 22 
28 92 61 53 48 
6 91 54 56 92 
22 43 8 89 70 
63 31 38 42 13 
1 43 49 83 54 
44 79 45 3 32 
36 36 15 3 54 
16 95 43 45 77 
97 16 99 60 3 
12 80 81 98 32 
79 96 66 36 47 
65 37 6 32 84 
39 86 75 83 77 
53 14 42 93 2 
20 87 81 97 71 
16 6 30 64 88 
72 74 24 6 7 
37 2 93 15 61 
25 98 86 32 13 
58 95 46 22 8 
53 45 45 45 66 
93 32 26 86 98 
91 94 16 77 87 
86 57 93 42 84 
18 14 34 28 8 
66 95 57 18 79 
35 16 26 4 51 
5 25 33 1 47 
35 70 86 28 1 
21 5 61 66 82 
83 40 99 93 45 
82 28 82 89 23 
41 27 99 6 89 
54 61 91 32 73 
24 55 79 88 21 
75 100 53 52 95 
71 86 71 17 78 
51 7 58 40 47 
87 58 95 66 24 
100 79 98 33 6 
20 86 31 52 77 
9 40 20 70 80 
95 5 7 7 83 
33 7 100 87 48 
58 11 66 42 44 
95 28 9 9 60 
88 56 58 78 61 
35 73 46 33 58 
32 60 85 98 20 
25 11 5 69 91 
1 18 18 73 51 
64 23 16 53 81 
12 55 3 16 62 
66 90 77 71 20 
93 49 43 71 1 
23 56 81 45 55 
27 23 41 2 37 
79 91 58 40 48 
96 84 73 65 13 
4 25 62 42 38 
90 14 10 12 45 
1 65 86 78 6 
30 39 32 78 6 
58 67 51 60 47 
70 9 47 97 76 
74 41 24 60 80 
33 6 37 31 50 
72 47 19 40 27 
30 14 26 20 44 
81 27 71 61 64 
9 93 82 92 31 
2 23 27 83 83 
88 7 25 17 45 
85 40 41 34 62 
2 75 91 53 75 
95 54 33 21 35 
82 41 74 62 66 
38 74 100 54 31 
35 95 34 3 14 
64 12 21 51 33 
24 79 68 19 2 
25 99 59 23 50 
31 31 79 86 78 
24 92 25 58 33 
91 52 91 15 78 
58 31 36 44 63 
15 90 43 92 56 
69 97 60 98 37 
17 25 86 26 84 
48 86 34 66 23 
96 46 99 77 40 
17 99 1 16 90 
27 21 91 17 60 
81 63 55 7 48 
16 11 16 26 49 
20 83 12 90 23 
48 92 72 77 58 
85 45 70 32 40 
40 54 83 81 19 
87 23 39 38 76 
14 17 50 56 5 
43 81 84 19 86 
18 59 94 85 82 
33 20 79 39 31 
100 89 49 51 88 
90 26 94 58 42 
19 72 75 39 100 
66 3 92 52 58 
47 86 84 16 86 
84 2 68 2 11 
28 81 54 43 81 
79 45 99 24 11 
92 62 68 46 20 
4 23 85 86 91 
88 55 83 89 85 
70 55 13 1 86 
87 46 88 52 72 
90 63 8 46 84 
30 93 94 13 56 
85 3 37 89 23 
16 71 25 70 38 
24 68 80 61 75 
94 26 29 20 44 
23 46 56 69 57 
100 37 82 43 82 
57 57 37 3 36 
44 13 16 25 27 
24 40 38 13 55 
47 31 47 30 67 
64 60 40 12 86 
46 53 17 78 60 
11 88 74 74 72 
70 53 21 14 100 
5 27 11 64 94 
17 55 36 77 38 
42 82 90 73 82 
73 27 2 31 61 
94 8 3 14 87 
87 96 63 92 54 
3 8 33 94 93 
41 72 92 10 33 
5 77 4 95 46 
88 85 82 78 12 
35 94 43 83 16 
53 29 82 69 88 
75 9 80 48 38 
27 24 10 39 97 
81 27 67 14 65 
# Knapsacks:
886 1022 943 924 1097 
918 920 1061 1127 846 
826 1049 884 828 950 
876 867 1106 857 929 
3249 2873 3204 3129 3323 
