# Nr of Items 
50
# Nr of Knapsacks 
10
# Nr of Constraints 
5
# Items profits:
66 
65 
91 
28 
92 
50 
98 
7 
44 
94 
61 
52 
65 
16 
59 
93 
73 
81 
86 
75 
25 
49 
52 
77 
5 
46 
21 
55 
46 
26 
86 
76 
94 
90 
82 
69 
40 
91 
92 
96 
66 
64 
83 
86 
10 
59 
67 
74 
94 
92 

# Items weights:
23 14 89 9 99 
75 17 85 75 57 
52 31 14 34 59 
35 30 90 65 31 
56 64 65 14 59 
22 34 84 90 24 
55 20 94 56 32 
45 38 31 52 93 
84 28 86 73 27 
18 22 98 5 96 
13 7 94 35 46 
76 8 87 81 74 
49 53 12 71 35 
93 42 20 17 33 
42 96 79 17 36 
4 27 47 95 2 
41 26 50 96 78 
85 78 48 35 37 
47 74 89 96 99 
11 53 67 84 94 
46 78 12 92 39 
80 24 97 88 17 
81 71 33 26 14 
97 94 72 50 75 
81 36 44 6 89 
59 25 60 73 92 
46 33 46 4 78 
38 99 76 87 68 
10 39 79 73 2 
85 49 70 13 81 
29 66 74 95 14 
37 68 3 10 34 
1 8 4 22 70 
35 59 76 46 92 
32 85 8 67 39 
17 14 91 24 74 
33 44 94 49 4 
97 70 4 88 27 
100 88 58 24 4 
47 78 43 80 72 
3 47 33 45 10 
89 95 39 11 76 
50 9 16 32 1 
40 21 98 52 93 
62 85 44 32 91 
53 52 46 25 36 
55 65 21 12 22 
42 82 88 62 77 
27 60 39 72 11 
48 43 58 25 20 
# Knapsacks:
144 141 132 135 150 
135 114 165 103 120 
112 100 127 100 111 
117 101 148 117 114 
114 131 170 130 128 
134 112 169 117 122 
99 137 158 138 136 
100 145 124 117 129 
139 130 136 146 134 
676 669 763 691 695 
