# Nr of Items 
200
# Nr of Knapsacks 
10
# Nr of Constraints 
5
# Items profits:
2 
50 
38 
61 
75 
13 
7 
36 
39 
42 
88 
3 
57 
40 
68 
64 
18 
30 
17 
16 
49 
11 
91 
12 
63 
40 
5 
56 
51 
60 
25 
6 
69 
70 
2 
49 
70 
24 
48 
83 
96 
32 
73 
1 
60 
29 
69 
31 
23 
85 
61 
37 
71 
87 
14 
87 
69 
32 
2 
31 
73 
69 
76 
97 
27 
34 
10 
76 
86 
64 
69 
29 
75 
10 
86 
21 
77 
22 
82 
58 
53 
95 
37 
65 
38 
23 
25 
92 
5 
5 
87 
88 
73 
18 
38 
78 
58 
59 
62 
13 
20 
100 
38 
37 
8 
13 
79 
24 
24 
75 
98 
91 
5 
63 
41 
68 
3 
23 
99 
12 
83 
47 
83 
28 
94 
40 
92 
15 
55 
49 
53 
61 
16 
25 
70 
72 
98 
1 
15 
26 
100 
69 
58 
78 
67 
11 
4 
69 
78 
13 
21 
10 
30 
97 
51 
75 
37 
31 
2 
22 
57 
59 
4 
4 
5 
83 
69 
6 
78 
94 
75 
62 
66 
20 
1 
69 
86 
27 
39 
9 
30 
87 
94 
39 
66 
12 
99 
5 
30 
86 
55 
55 
89 
2 
55 
89 
44 
49 
68 
98 

# Items weights:
8 17 57 96 81 
71 84 6 73 56 
68 7 79 90 5 
31 25 71 77 61 
14 76 18 70 40 
19 86 27 65 89 
17 27 75 35 55 
87 94 88 25 17 
30 9 79 86 35 
62 68 25 91 30 
76 95 21 18 2 
30 80 54 66 70 
22 49 25 14 18 
37 76 12 93 59 
13 40 19 46 4 
39 67 80 8 21 
69 54 90 18 99 
98 8 49 58 17 
61 100 53 91 65 
59 60 15 4 96 
14 91 16 75 84 
62 85 20 10 18 
97 88 65 75 30 
24 90 6 72 80 
52 2 26 52 59 
57 33 99 83 93 
11 91 23 71 76 
45 79 4 14 85 
85 64 57 2 1 
5 4 45 92 16 
74 22 38 69 40 
35 91 3 64 78 
60 62 61 54 56 
76 21 33 20 85 
41 44 82 38 37 
22 2 56 95 91 
100 93 82 36 78 
86 81 20 42 26 
85 66 77 56 6 
3 14 4 15 70 
43 33 60 49 84 
76 13 15 10 65 
80 7 50 60 33 
25 92 30 36 79 
76 76 36 49 24 
28 6 31 89 1 
95 16 41 39 57 
17 21 71 5 88 
38 7 1 96 40 
20 47 55 83 31 
82 72 6 39 34 
66 17 5 15 71 
87 78 5 23 45 
7 19 91 95 75 
71 83 86 50 16 
97 60 90 53 15 
70 26 30 31 50 
80 63 44 4 86 
95 37 23 40 76 
7 40 67 13 95 
46 1 42 19 19 
63 25 29 100 86 
22 7 1 32 64 
3 71 17 32 20 
38 23 96 48 63 
18 45 98 87 77 
43 35 70 78 43 
41 12 20 63 42 
36 53 9 4 35 
81 38 84 99 46 
45 23 3 36 94 
58 89 8 15 48 
62 77 68 17 49 
28 88 94 53 23 
93 77 60 100 30 
50 70 87 79 57 
84 71 71 20 31 
96 78 12 5 14 
37 34 1 59 44 
50 51 46 51 32 
5 64 28 47 9 
18 99 19 96 45 
75 50 76 78 16 
36 80 44 88 82 
74 28 5 65 35 
21 12 64 56 27 
89 20 53 99 16 
38 54 94 32 55 
95 26 9 26 41 
8 75 34 36 45 
48 85 35 91 79 
36 18 70 85 54 
86 21 82 65 50 
65 17 56 64 70 
86 26 53 25 94 
54 83 72 45 94 
38 52 62 19 55 
85 83 73 38 40 
68 68 39 64 51 
63 35 13 33 26 
26 62 27 31 89 
34 10 10 76 58 
1 97 86 23 85 
53 30 60 65 7 
24 69 75 89 71 
92 61 24 99 20 
77 28 12 2 82 
23 79 7 64 9 
39 65 28 48 61 
82 53 23 24 94 
23 1 13 29 26 
42 45 13 59 58 
50 28 14 62 91 
46 19 66 72 58 
69 9 92 75 97 
86 71 55 58 31 
87 70 21 71 33 
9 8 90 60 2 
15 15 45 23 58 
6 45 78 81 5 
25 94 40 3 33 
73 66 27 21 44 
56 83 77 61 35 
68 32 4 67 66 
71 74 61 75 13 
57 67 68 11 2 
26 10 66 40 67 
39 88 83 95 90 
24 92 75 59 6 
81 79 66 40 3 
69 26 9 16 45 
24 14 26 100 8 
2 70 84 12 87 
33 5 1 24 84 
1 92 50 68 54 
87 31 48 20 75 
4 68 29 17 80 
37 70 8 25 28 
85 48 56 23 15 
15 94 100 47 54 
19 19 53 1 92 
72 30 1 48 18 
86 79 7 50 77 
29 56 64 57 28 
37 12 59 90 85 
99 29 86 36 46 
22 18 32 59 72 
30 70 66 26 53 
98 64 27 30 74 
58 18 95 28 80 
2 88 74 89 10 
98 16 74 51 96 
78 53 94 72 45 
67 92 6 72 90 
69 23 68 42 78 
99 50 91 42 43 
51 13 92 10 39 
58 43 26 62 93 
78 56 84 90 89 
96 38 43 4 87 
36 92 8 55 10 
71 7 57 65 84 
99 86 68 39 69 
4 82 91 61 2 
8 74 96 41 32 
84 2 87 4 86 
5 34 52 39 81 
91 77 12 37 4 
89 43 62 39 78 
16 29 62 63 100 
34 27 65 23 91 
74 61 29 71 59 
58 5 97 30 51 
68 62 60 94 52 
44 61 46 57 83 
52 36 87 76 96 
26 36 75 38 90 
49 41 16 32 41 
48 45 54 9 77 
22 14 25 88 76 
23 2 77 89 52 
7 70 58 16 2 
60 62 96 26 100 
40 96 22 82 28 
69 67 11 46 36 
86 44 15 8 6 
81 88 16 69 50 
34 82 14 47 78 
73 21 17 69 26 
92 27 55 13 63 
11 83 92 79 30 
96 40 18 98 74 
7 64 4 24 82 
77 65 87 95 21 
33 11 52 61 3 
63 39 56 72 82 
56 97 11 66 42 
84 30 11 48 75 
62 5 3 6 74 
23 39 68 79 27 
# Knapsacks:
498 522 385 525 580 
463 475 496 547 564 
585 470 497 542 480 
448 551 448 523 461 
611 432 552 449 527 
557 563 550 591 513 
420 456 528 428 610 
572 401 472 572 491 
462 408 480 585 603 
2817 2813 2489 2687 2799 
