# Nr of Items 
500
# Nr of Knapsacks 
5
# Nr of Constraints 
2
# Items profits:
857 
894 
382 
874 
189 
477 
839 
14 
394 
298 
378 
325 
348 
896 
425 
144 
430 
321 
201 
233 
240 
398 
365 
202 
947 
287 
140 
267 
812 
90 
836 
674 
34 
193 
674 
587 
644 
547 
476 
216 
372 
516 
93 
714 
297 
199 
181 
982 
45 
81 
979 
499 
499 
393 
856 
928 
795 
740 
297 
627 
700 
861 
440 
925 
646 
393 
808 
674 
338 
832 
148 
500 
952 
798 
851 
728 
332 
777 
378 
913 
757 
285 
222 
97 
578 
107 
76 
207 
546 
151 
455 
546 
984 
657 
637 
644 
184 
795 
479 
930 
99 
472 
619 
888 
866 
102 
144 
915 
936 
985 
470 
63 
281 
80 
63 
215 
10 
541 
285 
475 
213 
518 
866 
588 
156 
633 
118 
363 
494 
699 
137 
400 
745 
488 
118 
896 
757 
54 
599 
294 
402 
204 
779 
643 
199 
560 
345 
809 
103 
886 
288 
880 
9 
220 
213 
196 
395 
921 
744 
167 
563 
525 
147 
648 
386 
180 
48 
926 
711 
644 
637 
239 
861 
925 
879 
257 
129 
408 
73 
578 
500 
152 
288 
315 
232 
836 
493 
479 
785 
150 
637 
931 
386 
357 
608 
174 
138 
319 
124 
664 
522 
418 
934 
768 
230 
537 
933 
205 
309 
188 
803 
967 
829 
287 
369 
703 
583 
916 
957 
385 
219 
860 
139 
3 
208 
936 
733 
646 
188 
437 
152 
809 
300 
542 
166 
86 
96 
924 
169 
628 
333 
279 
786 
236 
967 
712 
239 
904 
778 
703 
370 
726 
404 
710 
989 
939 
906 
552 
134 
419 
916 
204 
280 
334 
807 
379 
544 
52 
151 
465 
784 
889 
598 
287 
4 
781 
445 
382 
246 
523 
220 
928 
736 
354 
392 
585 
734 
200 
914 
154 
662 
210 
615 
429 
374 
913 
432 
988 
56 
784 
824 
260 
804 
25 
92 
615 
706 
245 
307 
38 
67 
147 
867 
917 
283 
72 
492 
304 
356 
13 
653 
3 
922 
703 
192 
927 
47 
232 
548 
671 
612 
300 
86 
882 
147 
798 
939 
867 
739 
162 
518 
164 
200 
28 
626 
345 
566 
813 
828 
600 
187 
806 
975 
533 
222 
846 
772 
347 
688 
462 
661 
607 
534 
893 
645 
870 
520 
342 
167 
303 
73 
918 
633 
891 
139 
490 
932 
664 
590 
789 
394 
332 
509 
904 
980 
774 
310 
898 
222 
464 
900 
24 
440 
248 
906 
431 
610 
461 
391 
165 
948 
471 
824 
789 
745 
319 
567 
594 
47 
293 
342 
612 
356 
153 
216 
974 
96 
912 
437 
1 
282 
191 
247 
465 
825 
750 
678 
365 
817 
483 
932 
53 
470 
247 
670 
637 
265 
261 
600 
415 
709 
662 
291 
93 
542 
410 
214 
572 
878 
233 
967 
957 
917 
943 
701 
213 
291 
565 
964 
693 
588 
411 
787 
388 
744 
163 
725 
680 
869 
921 
818 
285 
499 
366 
593 
605 
883 
612 
709 
310 
372 
739 
202 
186 
970 
482 
394 
320 
220 
72 
1000 
81 
681 
426 
872 
181 
288 
567 
841 
52 

# Items weights:
26 652 
164 391 
685 220 
262 268 
89 808 
947 761 
470 328 
179 713 
395 125 
607 872 
544 378 
891 389 
477 102 
394 651 
414 576 
823 25 
928 158 
480 483 
29 933 
16 423 
385 505 
44 101 
255 38 
701 395 
728 710 
199 577 
770 904 
820 726 
748 354 
447 306 
521 542 
635 863 
591 680 
732 562 
518 959 
269 247 
195 188 
470 394 
25 701 
817 160 
385 198 
803 667 
177 504 
525 43 
170 787 
461 916 
662 529 
130 620 
245 303 
697 336 
319 788 
536 619 
715 783 
578 930 
29 557 
42 705 
538 754 
525 385 
605 603 
661 724 
572 791 
518 251 
875 691 
233 920 
995 569 
160 423 
704 580 
473 811 
540 71 
923 563 
882 648 
655 323 
157 944 
830 606 
43 339 
952 88 
701 123 
149 12 
873 468 
311 657 
518 100 
596 940 
833 817 
813 789 
753 858 
217 855 
695 352 
829 168 
759 253 
465 439 
117 105 
333 366 
616 684 
161 185 
607 528 
232 161 
58 524 
989 1 
824 358 
337 386 
423 453 
327 49 
468 591 
193 598 
91 214 
141 406 
258 822 
609 79 
88 496 
430 975 
732 245 
43 693 
985 576 
94 843 
686 914 
946 41 
688 366 
173 670 
832 757 
554 525 
756 626 
630 983 
1 909 
962 98 
346 181 
924 353 
801 16 
877 870 
447 733 
599 772 
153 881 
623 225 
848 290 
821 296 
723 372 
892 228 
950 693 
812 134 
457 62 
220 670 
569 712 
940 819 
532 832 
762 947 
360 752 
699 289 
426 411 
292 322 
498 247 
864 579 
371 158 
613 899 
940 958 
738 606 
674 835 
501 555 
928 878 
569 807 
28 704 
490 668 
23 511 
802 949 
904 537 
495 228 
611 250 
185 851 
186 44 
674 825 
867 9 
775 810 
228 229 
284 551 
459 390 
364 186 
355 9 
9 176 
383 696 
686 835 
378 918 
302 46 
485 465 
408 692 
366 416 
402 558 
629 196 
847 278 
486 935 
741 988 
158 955 
782 142 
118 932 
348 190 
237 511 
842 206 
792 315 
358 79 
572 65 
351 520 
975 451 
617 170 
77 924 
770 62 
920 969 
677 256 
227 557 
473 432 
622 387 
306 719 
844 602 
829 675 
609 993 
213 856 
772 879 
424 203 
995 335 
485 411 
977 168 
986 581 
745 526 
755 98 
750 776 
926 947 
257 280 
823 457 
30 352 
458 805 
133 162 
112 670 
472 715 
412 416 
564 196 
627 522 
842 549 
192 590 
256 254 
260 27 
779 515 
791 506 
873 723 
826 604 
721 869 
978 511 
532 616 
460 323 
51 999 
652 148 
208 198 
98 214 
356 832 
831 654 
94 827 
278 970 
989 498 
853 362 
595 687 
400 496 
542 543 
711 557 
844 307 
856 429 
425 452 
859 258 
630 933 
830 862 
115 158 
86 911 
497 750 
669 309 
424 370 
154 380 
447 733 
182 828 
530 3 
626 50 
550 773 
112 380 
766 941 
17 900 
711 418 
21 146 
403 317 
361 165 
777 834 
391 822 
136 603 
768 630 
766 943 
201 176 
209 471 
405 890 
985 896 
715 288 
245 952 
192 256 
993 864 
12 345 
927 907 
608 388 
574 343 
227 547 
751 480 
951 210 
222 733 
520 930 
197 880 
785 880 
691 230 
141 792 
482 603 
202 359 
5 135 
250 875 
210 398 
869 358 
839 559 
29 995 
674 800 
82 356 
807 882 
432 419 
82 165 
735 240 
78 895 
460 963 
847 715 
296 318 
969 330 
59 223 
928 938 
282 248 
379 868 
99 303 
419 688 
609 527 
537 23 
397 99 
476 674 
250 277 
512 454 
429 361 
281 254 
787 113 
894 985 
221 101 
597 228 
591 878 
323 519 
90 157 
135 493 
31 936 
458 621 
879 40 
182 292 
835 299 
921 299 
847 465 
555 537 
774 490 
10 607 
629 501 
819 828 
151 537 
13 537 
392 101 
928 470 
412 272 
363 430 
674 330 
315 346 
18 197 
409 897 
735 12 
577 258 
377 293 
966 764 
946 589 
823 902 
563 207 
833 277 
418 152 
763 910 
227 917 
387 555 
555 769 
16 281 
483 408 
518 201 
754 224 
13 286 
574 174 
624 434 
472 886 
947 151 
413 866 
535 99 
726 883 
538 397 
157 153 
594 671 
521 651 
303 6 
790 389 
608 620 
549 477 
965 619 
102 824 
625 371 
701 919 
860 702 
117 591 
374 69 
698 16 
586 808 
27 368 
382 618 
161 330 
541 271 
476 633 
208 988 
190 546 
234 342 
812 7 
823 760 
94 535 
670 207 
662 936 
398 813 
587 308 
741 579 
951 141 
456 758 
752 515 
404 882 
735 152 
979 26 
339 744 
64 93 
472 589 
906 595 
162 430 
442 408 
232 33 
85 132 
966 984 
256 941 
186 580 
479 964 
403 119 
937 779 
810 996 
51 984 
490 636 
420 341 
477 160 
91 861 
253 555 
533 727 
678 501 
901 979 
192 716 
254 883 
94 353 
882 558 
921 197 
598 801 
652 457 
54 775 
510 760 
649 228 
371 290 
255 416 
557 646 
147 937 
954 313 
851 461 
929 558 
482 594 
628 839 
226 902 
71 797 
823 361 
112 380 
36 113 
295 195 
57 752 
500 646 
751 85 
672 374 
503 540 
347 927 
440 226 
452 710 
672 249 
398 8 
581 885 
906 662 
936 944 
559 70 
628 679 
626 67 
# Knapsacks:
27767 29092 
26748 25112 
28110 25861 
29160 22341 
70954 76456 
