# Nr of Items 
500
# Nr of Knapsacks 
5
# Nr of Constraints 
5
# Items profits:
97 
71 
36 
95 
85 
40 
15 
60 
10 
54 
62 
78 
11 
22 
1 
36 
16 
35 
16 
63 
87 
85 
4 
45 
60 
3 
52 
61 
10 
50 
94 
89 
8 
69 
7 
73 
45 
76 
23 
10 
57 
85 
55 
67 
95 
83 
54 
44 
22 
46 
25 
35 
76 
1 
48 
5 
98 
73 
39 
68 
66 
99 
70 
4 
20 
15 
82 
33 
11 
32 
38 
81 
42 
97 
19 
87 
96 
72 
61 
98 
92 
66 
69 
24 
14 
45 
2 
80 
5 
15 
9 
41 
71 
60 
65 
33 
26 
77 
32 
31 
13 
32 
84 
54 
11 
65 
95 
57 
94 
49 
100 
25 
84 
34 
45 
99 
21 
73 
4 
60 
45 
81 
66 
68 
42 
2 
59 
68 
52 
67 
73 
68 
85 
84 
41 
38 
86 
45 
10 
49 
17 
54 
30 
11 
1 
38 
11 
17 
74 
73 
52 
35 
22 
99 
2 
37 
94 
47 
97 
85 
48 
45 
73 
42 
82 
5 
25 
75 
38 
45 
40 
71 
1 
96 
15 
32 
47 
82 
77 
32 
83 
78 
40 
47 
25 
57 
82 
36 
66 
20 
17 
80 
36 
71 
84 
39 
52 
37 
52 
7 
15 
70 
53 
19 
82 
97 
47 
90 
38 
91 
22 
38 
30 
10 
35 
50 
44 
95 
64 
65 
80 
18 
81 
65 
90 
33 
22 
2 
47 
86 
87 
41 
97 
62 
33 
50 
93 
75 
50 
18 
71 
99 
89 
98 
70 
11 
17 
7 
5 
70 
14 
1 
23 
64 
28 
29 
57 
32 
75 
95 
72 
71 
84 
49 
44 
79 
44 
42 
76 
1 
69 
5 
68 
88 
48 
60 
94 
56 
50 
22 
47 
16 
47 
30 
80 
6 
86 
58 
5 
82 
12 
54 
97 
91 
13 
11 
85 
7 
90 
53 
1 
3 
2 
61 
71 
40 
63 
68 
8 
21 
38 
51 
86 
35 
15 
98 
53 
52 
39 
78 
78 
65 
8 
63 
4 
44 
25 
79 
74 
12 
52 
61 
51 
17 
19 
20 
3 
9 
64 
95 
16 
10 
70 
74 
26 
38 
30 
72 
55 
90 
19 
40 
60 
60 
27 
94 
24 
18 
56 
53 
69 
77 
12 
80 
22 
99 
15 
85 
96 
46 
4 
87 
76 
7 
56 
76 
83 
1 
16 
96 
75 
4 
2 
92 
16 
79 
32 
8 
92 
35 
58 
74 
56 
26 
76 
41 
90 
53 
1 
48 
74 
91 
8 
65 
57 
21 
42 
35 
33 
44 
73 
46 
71 
6 
73 
90 
20 
6 
42 
3 
22 
72 
35 
12 
61 
3 
75 
28 
15 
76 
35 
69 
57 
36 
94 
98 
24 
10 
27 
37 
56 
99 
37 
6 
73 
89 
42 
46 
22 
73 
58 
57 
37 
34 
4 
97 
91 
48 
1 
34 
2 
6 
97 
16 
17 
26 
52 
73 
67 
64 
94 
41 
5 
19 
25 
88 
12 
80 
87 
60 
17 
69 
97 
49 
62 
27 
39 
76 
10 
10 
46 
21 
21 
93 
21 
22 
62 
51 
45 
50 

# Items weights:
67 19 48 70 71 
10 57 39 19 44 
38 89 61 33 46 
80 85 37 89 87 
35 17 15 8 47 
42 79 60 14 2 
91 30 11 89 6 
45 17 11 37 64 
15 78 85 47 50 
66 65 65 2 65 
12 61 65 96 78 
7 58 46 9 73 
12 53 1 23 13 
1 17 71 40 82 
25 18 39 93 96 
96 22 60 66 44 
82 26 97 31 38 
67 11 64 80 44 
59 55 67 14 44 
99 87 26 34 7 
47 13 92 93 79 
51 100 31 87 93 
30 80 5 92 31 
94 15 19 37 51 
91 62 99 50 18 
93 96 43 51 5 
41 92 13 31 62 
71 70 10 62 100 
25 70 55 95 5 
92 5 71 19 76 
39 69 33 95 59 
82 8 34 84 14 
83 70 43 59 50 
83 23 65 78 2 
71 4 78 7 6 
52 61 51 46 76 
76 84 5 31 42 
82 95 89 44 93 
22 68 95 57 16 
57 75 38 32 10 
25 29 21 49 57 
73 88 50 69 17 
38 34 46 8 2 
65 80 42 4 47 
98 42 94 42 63 
59 22 75 10 41 
81 40 73 82 17 
5 82 80 87 54 
15 34 19 61 99 
75 34 22 30 91 
89 71 42 19 89 
57 90 91 61 23 
64 86 46 26 94 
45 31 23 98 43 
4 12 32 45 1 
74 99 56 54 30 
55 27 45 60 19 
80 89 99 2 28 
83 53 67 90 48 
4 45 57 84 89 
82 19 88 4 80 
87 61 28 15 61 
70 34 39 22 36 
4 90 63 66 33 
6 100 88 40 50 
71 79 59 8 69 
89 77 38 54 37 
29 48 91 36 12 
49 21 8 42 27 
66 73 75 89 65 
99 34 65 55 49 
85 86 31 37 62 
50 35 85 83 17 
28 10 31 39 68 
41 44 34 58 45 
88 71 84 97 47 
7 46 100 21 95 
68 72 74 19 49 
42 19 86 26 17 
74 75 55 41 86 
72 70 78 90 74 
26 3 59 15 30 
95 40 47 81 58 
13 82 97 6 66 
64 87 45 83 8 
21 25 14 85 25 
48 73 29 20 94 
35 35 81 99 59 
42 78 44 46 71 
61 52 60 36 85 
43 19 100 95 69 
54 3 33 87 33 
68 54 62 42 36 
49 35 9 78 20 
26 11 11 19 16 
13 45 71 84 6 
1 37 37 66 51 
1 86 84 100 1 
28 94 20 16 72 
71 52 16 4 90 
57 57 31 50 85 
83 78 68 50 13 
70 41 5 79 43 
58 12 42 7 33 
19 24 98 30 91 
33 50 83 97 33 
82 71 80 90 72 
76 42 52 6 14 
88 33 94 25 44 
23 82 61 71 65 
9 2 77 44 77 
40 12 91 44 28 
85 69 1 80 2 
56 43 80 71 26 
64 30 7 62 47 
40 14 33 72 16 
60 39 57 73 30 
12 60 84 3 47 
65 63 97 73 59 
80 16 29 57 20 
20 25 47 53 88 
65 77 4 21 62 
1 63 83 78 57 
60 38 92 47 19 
64 45 81 31 27 
18 3 94 51 34 
96 97 73 77 16 
16 7 59 88 70 
28 5 78 95 7 
30 83 93 36 29 
66 49 34 72 11 
13 92 74 36 19 
81 49 47 61 48 
56 32 48 9 42 
46 6 81 54 15 
12 67 26 70 27 
91 68 80 84 75 
48 32 63 34 14 
89 19 93 52 62 
88 21 89 69 32 
89 91 73 52 51 
53 45 59 86 74 
62 43 83 23 73 
3 12 4 88 10 
78 51 4 29 60 
72 81 21 43 34 
70 46 21 61 87 
57 78 99 55 72 
44 94 85 90 23 
94 90 75 56 90 
36 42 12 37 80 
42 1 18 13 27 
31 70 55 64 18 
36 52 27 38 51 
65 71 49 48 10 
82 9 4 100 12 
9 7 32 68 51 
9 46 54 48 70 
55 61 86 70 31 
99 30 34 77 4 
54 49 28 53 48 
73 85 77 19 33 
41 1 45 62 17 
68 60 51 50 83 
4 95 7 92 18 
51 13 100 68 24 
24 12 51 66 56 
78 74 12 86 71 
99 11 82 91 88 
22 69 90 5 16 
41 56 41 13 72 
49 36 52 61 48 
13 61 17 100 24 
74 10 21 53 36 
84 77 80 69 80 
62 53 64 49 54 
70 44 29 99 68 
70 72 33 77 63 
42 54 22 2 11 
38 2 10 11 7 
51 76 9 92 33 
34 74 25 48 78 
85 55 21 2 16 
88 34 92 21 32 
41 23 44 86 42 
46 66 38 85 89 
98 89 34 47 70 
22 84 9 71 52 
45 68 36 78 16 
87 74 18 48 38 
64 53 50 97 99 
30 37 14 75 82 
88 19 7 79 18 
43 58 33 97 47 
5 86 16 42 67 
35 44 61 73 73 
99 45 48 40 57 
64 44 24 14 98 
95 43 63 41 40 
52 97 79 63 86 
35 66 9 70 67 
99 91 69 96 27 
43 62 79 27 2 
43 59 72 98 83 
17 33 77 87 63 
65 57 91 90 30 
96 32 59 14 99 
70 18 36 60 52 
81 36 82 1 41 
92 70 81 51 97 
87 16 90 33 91 
72 82 95 65 85 
18 34 75 57 77 
9 96 78 4 31 
7 52 53 14 40 
91 87 97 63 84 
82 75 57 41 52 
38 41 25 95 32 
53 36 90 93 33 
53 88 12 14 58 
81 100 56 100 83 
80 12 85 27 90 
99 99 97 66 85 
66 28 15 38 5 
22 85 66 93 18 
96 81 45 75 45 
67 28 49 32 16 
43 97 16 96 42 
82 42 26 60 29 
69 21 76 87 65 
40 59 82 37 99 
60 88 64 37 75 
62 15 92 13 72 
22 68 39 30 74 
75 45 99 28 67 
97 54 50 44 37 
29 61 10 83 7 
7 47 80 23 25 
70 85 9 92 54 
43 19 3 35 37 
65 43 7 35 76 
8 46 49 32 87 
74 70 72 42 30 
70 15 81 7 33 
76 86 13 91 58 
75 84 60 38 68 
71 38 91 15 91 
99 52 51 98 99 
32 78 3 64 95 
64 7 84 13 27 
73 12 52 57 56 
94 59 85 51 51 
20 95 25 65 44 
91 57 13 30 59 
71 86 6 62 76 
75 63 3 14 80 
83 94 86 83 4 
39 46 20 51 23 
63 55 45 44 69 
80 77 2 45 6 
20 94 44 12 28 
68 88 23 15 60 
27 48 8 8 59 
8 31 19 61 91 
89 84 16 4 58 
28 18 82 72 21 
84 14 15 19 56 
48 10 82 19 69 
72 67 43 67 84 
24 75 65 67 9 
77 54 65 76 28 
44 84 79 20 93 
32 14 10 73 73 
14 45 24 32 94 
23 94 97 30 29 
33 87 61 27 92 
90 61 91 17 25 
59 94 40 56 29 
4 86 12 11 90 
95 1 34 50 100 
24 16 77 72 68 
58 14 94 90 52 
7 97 72 74 79 
47 87 4 65 31 
79 37 79 31 3 
85 32 7 23 21 
85 78 90 95 90 
65 51 80 27 41 
7 98 31 45 11 
21 53 51 11 74 
32 43 83 55 30 
49 58 69 56 72 
14 57 27 76 28 
17 77 45 66 4 
19 98 36 77 86 
60 18 71 57 38 
52 24 21 75 62 
69 87 36 64 98 
27 72 89 32 25 
99 57 23 88 28 
11 41 33 79 79 
51 88 30 86 25 
25 17 12 31 42 
62 2 5 50 48 
58 27 89 11 43 
36 93 14 99 5 
29 23 53 99 44 
45 44 55 88 54 
64 28 18 95 10 
70 58 45 97 52 
35 83 92 57 25 
36 66 51 75 13 
9 90 44 35 91 
82 28 35 38 16 
35 79 64 10 13 
33 86 72 8 17 
62 91 6 13 31 
69 69 94 91 20 
41 35 80 7 87 
79 94 22 1 81 
20 5 12 39 80 
98 83 74 81 34 
7 53 52 51 50 
35 34 25 55 69 
80 71 50 60 57 
5 13 72 100 29 
45 57 95 8 40 
22 78 77 43 60 
6 95 59 51 87 
40 98 33 39 75 
71 58 97 59 65 
15 21 54 49 61 
53 26 52 99 8 
1 24 38 96 86 
96 88 62 11 19 
28 71 96 17 53 
100 92 44 78 19 
96 67 17 85 1 
69 9 75 3 34 
65 57 42 25 90 
17 42 74 93 72 
91 1 97 12 71 
48 33 6 85 79 
78 16 90 77 19 
29 18 68 30 75 
92 28 45 49 25 
96 70 53 85 96 
35 54 74 44 62 
84 56 5 44 12 
61 44 24 67 95 
50 53 77 84 65 
66 58 2 29 63 
20 19 34 58 51 
53 70 48 59 79 
24 47 47 98 42 
86 59 11 27 36 
5 25 58 92 52 
56 30 53 45 86 
97 26 29 13 14 
96 61 49 98 32 
92 93 73 42 22 
62 95 90 2 64 
73 26 28 24 93 
4 21 7 96 65 
19 82 23 27 11 
49 46 54 97 23 
96 13 34 58 76 
67 77 5 53 8 
10 40 40 12 21 
94 32 11 27 50 
94 96 12 12 43 
38 5 15 12 72 
58 7 27 36 96 
75 97 41 83 70 
47 92 63 60 1 
4 62 50 48 97 
61 54 20 82 61 
5 62 34 71 67 
51 27 66 69 41 
38 78 89 9 65 
38 27 64 34 80 
86 25 21 50 83 
77 96 17 92 85 
33 45 84 17 80 
95 13 24 5 11 
43 40 58 40 52 
26 67 86 43 2 
45 28 75 73 2 
58 57 67 12 69 
69 98 27 34 44 
62 11 65 8 100 
86 53 30 14 6 
54 46 71 6 59 
90 78 71 59 31 
49 3 30 95 80 
37 97 61 76 24 
17 50 83 44 55 
44 58 41 57 33 
17 59 5 59 77 
83 79 48 22 18 
27 14 73 51 52 
3 78 37 23 51 
25 92 76 40 77 
59 74 34 68 18 
83 51 96 38 22 
78 72 76 61 7 
87 16 35 52 11 
71 15 80 69 84 
20 4 53 82 33 
85 26 42 52 86 
87 76 37 87 70 
50 66 14 36 99 
84 30 48 68 93 
31 92 67 64 79 
77 21 3 14 6 
41 89 28 79 80 
38 5 43 47 73 
83 16 99 60 37 
50 60 70 54 13 
65 85 4 83 35 
14 5 45 25 11 
61 68 60 46 94 
1 34 28 82 49 
69 33 9 95 43 
15 10 38 61 17 
29 63 99 16 5 
26 93 23 81 23 
99 33 96 33 77 
86 40 96 96 49 
50 21 5 65 52 
69 94 62 70 41 
39 92 84 33 35 
72 100 14 22 88 
27 35 82 55 97 
14 6 90 26 6 
29 20 90 54 86 
35 62 46 40 17 
99 89 43 83 35 
20 93 65 50 28 
6 61 88 63 3 
23 70 15 17 66 
31 1 78 48 93 
45 15 75 32 3 
22 26 88 47 64 
89 100 41 79 79 
14 53 11 1 60 
59 82 44 10 18 
93 97 61 58 2 
69 5 11 62 49 
26 77 12 11 56 
64 30 90 67 36 
21 34 79 35 38 
50 83 99 29 11 
32 67 41 20 45 
9 50 66 25 26 
97 9 53 77 79 
88 9 78 37 49 
63 43 95 40 69 
41 65 70 60 46 
94 1 62 87 93 
99 26 33 5 24 
82 77 67 87 75 
14 6 31 59 29 
76 58 30 52 91 
21 14 60 69 47 
9 42 83 29 48 
8 64 58 38 54 
28 81 48 12 44 
67 36 20 71 78 
63 64 34 23 61 
44 12 22 63 21 
34 91 57 17 40 
61 99 1 61 60 
53 49 82 36 81 
57 67 55 38 96 
91 74 61 44 83 
2 85 63 10 3 
3 93 56 49 10 
51 37 99 84 10 
3 17 59 42 87 
92 55 31 5 38 
20 97 1 57 15 
23 97 48 42 26 
30 24 44 88 44 
82 45 33 94 89 
65 81 5 26 69 
51 95 50 87 39 
21 61 59 4 18 
24 40 99 5 95 
36 76 15 39 57 
21 73 31 18 97 
13 26 49 2 8 
80 54 67 66 21 
37 12 26 1 7 
20 91 5 98 12 
1 5 57 41 69 
13 18 43 12 3 
74 35 19 23 19 
96 16 46 41 7 
87 70 35 27 6 
# Knapsacks:
1092 1460 1230 1547 1680 
1707 1586 1874 1953 986 
1154 1431 1981 1324 1883 
1796 1113 1572 1174 1271 
6144 6164 5630 5857 5585 
