# Nr of Items 
100
# Nr of Knapsacks 
5
# Nr of Constraints 
2
# Items profits:
97 
89 
86 
57 
3 
61 
41 
99 
46 
28 
61 
75 
84 
100 
85 
50 
85 
37 
90 
54 
43 
89 
73 
36 
34 
3 
96 
83 
18 
80 
16 
86 
83 
76 
56 
10 
72 
83 
83 
27 
93 
38 
5 
33 
69 
22 
53 
15 
90 
77 
34 
40 
72 
69 
40 
34 
90 
90 
78 
57 
18 
83 
97 
81 
27 
60 
81 
79 
48 
31 
89 
55 
24 
61 
69 
6 
33 
57 
71 
43 
52 
1 
71 
52 
22 
9 
40 
99 
25 
92 
31 
49 
18 
25 
36 
49 
22 
43 
17 
18 

# Items weights:
28 6 
46 34 
97 34 
35 16 
58 53 
90 81 
26 63 
72 14 
26 95 
75 100 
61 60 
56 12 
21 3 
69 59 
26 60 
24 7 
65 66 
13 26 
35 72 
41 73 
81 80 
41 84 
72 50 
92 52 
47 42 
91 66 
73 52 
21 42 
75 43 
40 58 
35 78 
98 61 
76 36 
96 31 
92 33 
89 12 
98 57 
68 89 
57 21 
9 97 
6 1 
16 90 
30 46 
86 83 
75 14 
99 68 
94 100 
92 93 
58 87 
45 7 
98 61 
18 65 
37 8 
23 10 
47 72 
96 63 
18 48 
6 89 
7 59 
30 90 
54 29 
42 2 
57 89 
28 53 
65 17 
50 22 
98 47 
28 83 
53 24 
26 9 
92 13 
3 16 
31 35 
28 45 
90 34 
93 8 
18 76 
52 95 
21 61 
86 94 
67 27 
75 31 
50 30 
10 27 
62 89 
27 34 
5 29 
30 70 
55 100 
42 80 
90 46 
9 27 
45 8 
69 23 
17 27 
55 43 
40 94 
31 39 
31 99 
32 18 
# Knapsacks:
320 348 
379 372 
246 260 
343 276 
1160 1113 
