# Nr of Items 
200
# Nr of Knapsacks 
10
# Nr of Constraints 
2
# Items profits:
256 
421 
974 
455 
367 
802 
97 
225 
584 
901 
710 
796 
104 
51 
694 
538 
719 
161 
829 
145 
609 
858 
336 
659 
111 
441 
155 
44 
966 
985 
547 
351 
307 
257 
229 
250 
536 
37 
386 
310 
207 
670 
984 
732 
849 
459 
221 
370 
730 
850 
707 
740 
300 
838 
803 
149 
870 
948 
967 
709 
496 
936 
16 
749 
389 
57 
281 
254 
700 
365 
182 
105 
540 
463 
197 
216 
355 
309 
959 
186 
18 
613 
467 
764 
144 
903 
504 
99 
665 
557 
949 
463 
50 
150 
414 
834 
778 
570 
773 
254 
647 
128 
371 
165 
491 
491 
137 
315 
83 
411 
904 
294 
44 
927 
441 
591 
225 
775 
770 
481 
548 
775 
703 
710 
367 
439 
872 
137 
495 
296 
845 
967 
93 
473 
723 
807 
281 
599 
153 
313 
917 
682 
971 
660 
827 
51 
938 
384 
811 
419 
247 
786 
684 
247 
578 
542 
709 
879 
940 
48 
671 
574 
909 
747 
90 
132 
322 
427 
914 
334 
807 
239 
933 
166 
493 
342 
651 
118 
817 
259 
434 
999 
561 
652 
76 
312 
699 
900 
342 
139 
587 
625 
671 
873 
769 
160 
522 
636 
141 
93 

# Items weights:
291 914 
380 997 
612 217 
137 13 
683 796 
425 200 
4 822 
588 752 
75 830 
682 344 
527 458 
575 567 
59 893 
854 543 
729 231 
313 48 
377 914 
897 319 
709 101 
995 902 
679 911 
839 514 
788 650 
600 21 
262 701 
886 421 
631 812 
937 723 
902 370 
803 837 
562 43 
862 858 
409 487 
4 422 
31 338 
713 549 
508 896 
179 804 
586 829 
748 453 
505 388 
570 305 
39 389 
98 152 
667 780 
850 330 
494 254 
738 486 
551 416 
958 710 
359 459 
120 376 
716 660 
806 123 
799 848 
757 287 
415 17 
678 567 
366 709 
391 182 
694 864 
613 936 
796 667 
763 940 
934 73 
594 385 
463 759 
165 801 
227 241 
881 554 
234 276 
674 867 
684 81 
356 682 
292 983 
29 876 
793 859 
669 204 
923 714 
821 340 
442 832 
529 475 
77 282 
935 109 
413 884 
959 676 
778 333 
472 992 
324 194 
198 223 
185 771 
810 922 
17 556 
565 737 
916 358 
847 979 
415 258 
860 105 
97 596 
387 517 
262 796 
888 189 
687 225 
595 589 
26 490 
661 16 
522 771 
532 168 
584 167 
949 115 
109 550 
182 668 
247 198 
845 213 
195 575 
750 704 
992 516 
135 280 
984 885 
58 322 
529 181 
179 442 
418 617 
407 573 
444 203 
846 340 
46 886 
863 635 
830 320 
125 43 
521 109 
702 342 
655 932 
404 769 
510 512 
451 630 
942 185 
464 663 
245 614 
275 439 
142 252 
428 537 
295 791 
8 210 
25 814 
351 238 
932 70 
848 166 
486 80 
850 619 
398 588 
538 922 
3 668 
247 235 
229 4 
75 152 
786 744 
102 229 
415 626 
134 968 
113 973 
698 506 
939 53 
442 759 
442 310 
913 658 
17 531 
45 196 
356 108 
241 658 
265 36 
838 102 
596 829 
183 580 
182 608 
631 428 
387 780 
969 699 
590 259 
289 818 
774 955 
620 865 
543 623 
482 276 
644 981 
208 559 
888 320 
672 985 
816 632 
15 385 
83 555 
545 542 
491 287 
822 795 
235 705 
283 717 
173 653 
795 316 
319 296 
717 641 
# Knapsacks:
3526 2688 
2873 2744 
2295 2307 
3560 4072 
2350 3732 
3869 3227 
3095 2993 
3469 2412 
2067 2442 
22217 22796 
