# Nr of Items 
100
# Nr of Knapsacks 
10
# Nr of Constraints 
2
# Items profits:
87 
95 
17 
74 
7 
32 
90 
35 
93 
53 
40 
58 
5 
14 
11 
18 
37 
27 
47 
87 
92 
86 
19 
59 
4 
74 
83 
94 
39 
17 
2 
89 
43 
51 
66 
35 
61 
61 
72 
21 
100 
85 
16 
68 
19 
43 
33 
42 
6 
81 
27 
46 
60 
57 
10 
93 
46 
65 
40 
14 
95 
16 
59 
56 
16 
55 
68 
23 
29 
81 
55 
77 
15 
93 
92 
1 
57 
71 
12 
39 
45 
30 
33 
34 
95 
21 
33 
35 
25 
96 
81 
49 
86 
7 
31 
7 
22 
47 
90 
26 

# Items weights:
68 9 
13 32 
31 2 
43 73 
45 66 
57 77 
34 74 
81 38 
14 68 
62 83 
55 18 
88 17 
12 64 
89 7 
65 50 
69 62 
36 44 
52 37 
40 97 
14 74 
38 94 
88 6 
65 11 
43 79 
56 24 
72 30 
40 91 
36 19 
14 27 
85 54 
84 23 
84 88 
28 42 
82 38 
76 40 
58 83 
18 77 
25 72 
6 66 
39 82 
88 58 
59 13 
61 16 
84 28 
16 35 
65 24 
49 60 
42 51 
13 66 
36 80 
98 75 
88 53 
11 2 
69 16 
15 24 
48 65 
86 83 
51 2 
28 100 
3 81 
25 47 
17 73 
19 97 
88 77 
42 96 
24 88 
22 36 
95 98 
3 89 
73 19 
21 57 
43 21 
88 65 
32 94 
51 42 
93 16 
69 98 
82 22 
18 49 
16 86 
76 79 
80 52 
51 86 
35 72 
27 86 
37 20 
22 82 
74 28 
32 41 
21 54 
19 33 
34 2 
93 36 
21 65 
38 72 
91 49 
52 79 
52 1 
41 31 
79 63 
# Knapsacks:
204 262 
214 233 
221 258 
289 300 
214 276 
234 239 
221 291 
276 249 
232 274 
1403 1445 
