# Nr of Items 
500
# Nr of Knapsacks 
10
# Nr of Constraints 
2
# Items profits:
722 
982 
727 
105 
935 
77 
206 
133 
75 
404 
145 
503 
605 
462 
979 
902 
410 
129 
767 
671 
489 
541 
600 
461 
916 
224 
562 
393 
817 
370 
741 
268 
485 
712 
384 
463 
178 
87 
626 
501 
831 
639 
204 
429 
733 
913 
755 
247 
121 
855 
602 
529 
221 
471 
613 
678 
873 
251 
288 
691 
79 
960 
167 
558 
28 
593 
359 
660 
801 
239 
106 
742 
273 
744 
377 
817 
605 
314 
218 
760 
987 
866 
57 
151 
996 
213 
60 
486 
772 
178 
975 
911 
628 
874 
950 
261 
722 
29 
706 
739 
642 
635 
363 
181 
726 
236 
508 
21 
265 
748 
501 
981 
769 
47 
602 
630 
290 
444 
721 
298 
503 
497 
34 
875 
266 
228 
720 
815 
636 
289 
196 
943 
784 
717 
145 
821 
442 
438 
298 
575 
725 
460 
464 
403 
673 
800 
424 
471 
803 
232 
138 
581 
974 
92 
781 
561 
887 
849 
703 
280 
782 
792 
529 
598 
263 
393 
479 
330 
40 
857 
77 
25 
989 
78 
6 
997 
527 
35 
647 
705 
83 
172 
273 
171 
478 
888 
461 
374 
197 
134 
752 
450 
291 
222 
757 
498 
571 
309 
290 
225 
45 
875 
932 
816 
909 
885 
972 
823 
190 
595 
108 
511 
518 
413 
323 
41 
75 
712 
604 
662 
762 
870 
454 
44 
383 
231 
357 
808 
968 
994 
414 
117 
948 
104 
72 
584 
498 
686 
911 
910 
43 
20 
906 
573 
336 
575 
844 
995 
576 
623 
904 
854 
25 
151 
655 
279 
783 
799 
348 
580 
723 
863 
743 
810 
850 
986 
687 
493 
70 
828 
776 
918 
994 
274 
701 
550 
509 
558 
392 
284 
209 
643 
701 
311 
110 
475 
837 
945 
815 
114 
118 
314 
918 
558 
601 
757 
443 
255 
804 
395 
438 
357 
310 
17 
29 
690 
434 
88 
481 
429 
947 
744 
939 
407 
702 
864 
660 
422 
973 
862 
186 
589 
184 
550 
302 
148 
711 
234 
569 
569 
683 
214 
694 
971 
596 
853 
67 
526 
363 
717 
505 
72 
496 
91 
634 
224 
542 
532 
345 
277 
995 
416 
565 
42 
525 
500 
239 
549 
694 
652 
427 
886 
873 
322 
579 
930 
293 
534 
566 
156 
142 
875 
223 
453 
460 
202 
313 
944 
876 
391 
160 
516 
27 
206 
955 
895 
97 
8 
293 
396 
802 
295 
635 
785 
569 
434 
959 
303 
646 
479 
626 
159 
599 
348 
736 
694 
459 
201 
469 
405 
425 
340 
341 
895 
832 
505 
993 
247 
105 
310 
141 
246 
831 
656 
301 
990 
327 
36 
79 
566 
35 
228 
556 
43 
976 
373 
616 
775 
384 
827 
593 
809 
203 
545 
76 
569 
79 
623 
690 
542 
727 
305 
1 
294 
328 
26 
718 
905 
911 
786 
864 
435 
783 
938 
32 
876 
591 
554 
828 
934 
225 
612 
298 
850 
821 
832 
177 
183 
116 
364 
27 
9 
737 
391 
934 
777 
979 
801 
586 
767 
30 
458 
620 
569 
216 
836 
857 
247 
759 
687 

# Items weights:
332 936 
324 803 
872 477 
650 704 
808 145 
791 627 
411 303 
866 187 
435 519 
142 62 
127 803 
458 704 
767 282 
838 396 
553 612 
398 842 
306 569 
505 192 
414 206 
656 500 
869 572 
145 428 
120 77 
775 311 
169 921 
111 750 
108 57 
976 436 
627 409 
575 868 
801 67 
740 564 
937 557 
52 805 
339 533 
574 749 
717 491 
666 93 
165 467 
247 263 
430 319 
365 99 
292 689 
79 380 
983 48 
308 46 
96 40 
562 893 
921 17 
722 457 
501 682 
637 321 
154 112 
475 121 
183 223 
717 504 
391 623 
46 604 
508 675 
299 533 
725 533 
652 778 
851 397 
149 19 
100 119 
172 856 
418 325 
267 773 
493 504 
890 408 
540 177 
580 873 
619 235 
227 893 
881 590 
77 366 
383 801 
646 258 
959 983 
599 50 
315 828 
778 107 
470 996 
298 8 
49 870 
207 4 
274 114 
769 582 
684 375 
859 318 
921 281 
244 340 
157 762 
418 472 
795 767 
220 440 
337 250 
330 651 
544 48 
174 686 
598 558 
866 382 
957 119 
975 285 
677 806 
85 537 
313 757 
24 13 
801 9 
384 990 
171 428 
119 563 
974 965 
36 178 
782 503 
195 678 
38 499 
921 281 
340 233 
569 787 
29 372 
625 240 
982 696 
127 613 
509 148 
678 796 
22 725 
877 192 
652 145 
296 352 
243 362 
651 532 
146 440 
982 405 
91 231 
491 431 
384 917 
799 819 
967 186 
908 322 
578 741 
276 525 
952 370 
352 469 
853 833 
509 625 
87 600 
363 327 
20 481 
862 245 
385 793 
568 317 
349 51 
966 493 
153 435 
842 971 
722 871 
859 89 
319 251 
924 600 
746 801 
435 725 
310 895 
69 507 
230 282 
2 193 
11 295 
364 419 
184 651 
125 447 
217 658 
164 220 
718 735 
680 771 
929 206 
101 853 
365 932 
258 397 
262 201 
918 614 
896 870 
962 651 
687 55 
770 598 
609 592 
572 978 
309 887 
999 402 
231 328 
109 884 
827 269 
965 634 
182 302 
160 995 
173 429 
385 285 
614 352 
27 508 
785 769 
334 837 
129 950 
995 136 
58 424 
309 676 
312 69 
264 77 
971 501 
225 269 
264 802 
389 346 
519 9 
674 991 
967 101 
799 111 
807 933 
124 748 
435 495 
728 155 
485 55 
2 847 
930 617 
465 800 
342 934 
749 499 
85 595 
497 465 
196 133 
827 969 
965 903 
589 876 
216 362 
350 25 
368 279 
452 684 
53 721 
458 513 
998 585 
119 814 
145 449 
578 210 
356 822 
795 419 
495 433 
369 111 
786 290 
507 422 
776 72 
264 673 
25 315 
910 716 
559 87 
393 710 
245 704 
506 113 
779 100 
70 48 
737 101 
299 722 
735 845 
806 561 
816 177 
963 613 
756 446 
542 491 
312 221 
534 677 
752 40 
689 653 
618 977 
857 354 
704 663 
52 785 
229 877 
376 158 
8 239 
584 818 
416 385 
202 851 
339 204 
620 763 
463 345 
138 168 
430 724 
934 450 
461 664 
788 523 
398 442 
326 627 
416 216 
26 601 
729 152 
656 657 
891 940 
561 201 
898 313 
652 295 
294 138 
43 896 
838 113 
283 52 
329 280 
163 757 
619 467 
137 268 
381 2 
168 837 
376 791 
898 715 
492 318 
119 82 
383 85 
107 388 
23 692 
72 956 
606 473 
749 992 
566 917 
412 706 
132 115 
568 874 
181 703 
57 531 
288 699 
474 150 
570 107 
4 878 
334 927 
651 817 
828 395 
329 816 
627 713 
175 435 
206 555 
440 684 
311 289 
951 985 
922 602 
198 141 
929 788 
380 79 
209 661 
870 511 
437 14 
761 714 
247 897 
956 124 
939 818 
780 27 
43 12 
774 251 
433 540 
744 583 
901 39 
638 252 
215 65 
211 828 
537 249 
159 191 
3 107 
703 957 
624 195 
10 227 
947 108 
975 294 
943 796 
341 946 
631 677 
768 706 
7 409 
600 130 
273 298 
98 345 
540 115 
756 271 
636 469 
386 544 
642 356 
434 68 
648 636 
765 672 
490 799 
988 81 
1000 898 
962 176 
827 716 
700 48 
826 806 
557 710 
395 797 
566 80 
261 971 
620 367 
830 503 
243 227 
841 444 
848 512 
750 385 
852 115 
984 579 
970 29 
201 898 
41 919 
674 350 
831 182 
729 74 
604 661 
110 597 
490 361 
508 337 
398 816 
555 811 
252 74 
525 996 
316 81 
958 455 
123 887 
699 73 
502 354 
821 535 
668 984 
765 512 
182 158 
530 393 
710 243 
728 811 
49 821 
291 440 
861 733 
648 300 
676 476 
238 910 
552 28 
578 210 
228 882 
138 523 
456 545 
947 160 
499 661 
367 897 
109 355 
338 931 
987 395 
711 410 
599 374 
529 6 
554 38 
94 664 
685 554 
273 91 
378 343 
277 936 
646 87 
163 319 
98 100 
411 731 
418 838 
340 283 
174 597 
420 473 
347 874 
665 283 
991 328 
643 964 
342 965 
48 413 
271 37 
91 861 
121 319 
880 584 
204 204 
412 526 
752 209 
447 470 
863 154 
312 541 
415 615 
617 960 
905 84 
604 977 
102 532 
154 485 
530 771 
452 339 
709 383 
305 407 
399 830 
294 323 
411 954 
861 874 
207 406 
296 509 
630 267 
68 465 
33 99 
846 399 
785 955 
471 734 
516 668 
571 729 
93 884 
# Knapsacks:
14509 13527 
13000 13271 
14020 13577 
10801 12441 
11437 13298 
12760 14512 
12007 10288 
12781 13760 
13346 10595 
65380 63480 
