# Nr of Items 
200
# Nr of Knapsacks 
5
# Nr of Constraints 
2
# Items profits:
69 
85 
100 
34 
31 
57 
90 
87 
78 
21 
11 
90 
18 
57 
54 
7 
20 
31 
63 
25 
59 
97 
61 
92 
63 
81 
22 
50 
83 
17 
94 
87 
6 
15 
43 
41 
8 
82 
3 
63 
78 
95 
100 
89 
100 
46 
93 
88 
70 
32 
11 
100 
44 
85 
28 
75 
28 
4 
35 
79 
53 
71 
57 
49 
25 
90 
18 
64 
67 
60 
41 
28 
12 
45 
47 
51 
93 
16 
31 
6 
38 
72 
61 
22 
61 
89 
48 
42 
78 
20 
36 
73 
31 
44 
88 
25 
29 
22 
46 
51 
45 
29 
98 
39 
56 
67 
58 
64 
35 
91 
24 
56 
100 
46 
53 
69 
51 
61 
9 
25 
24 
74 
39 
92 
57 
36 
53 
85 
91 
22 
81 
78 
79 
92 
83 
60 
67 
72 
40 
4 
31 
19 
59 
44 
47 
71 
3 
32 
87 
70 
20 
79 
74 
89 
47 
17 
18 
83 
86 
7 
45 
2 
61 
42 
99 
72 
72 
83 
64 
68 
5 
88 
14 
28 
5 
8 
43 
70 
3 
28 
3 
22 
49 
85 
9 
38 
60 
63 
28 
25 
36 
8 
11 
23 
40 
14 
50 
79 
96 
83 

# Items weights:
99 69 
78 34 
15 79 
55 62 
77 44 
39 89 
58 79 
32 4 
4 44 
72 12 
7 76 
66 45 
99 97 
80 33 
85 70 
63 74 
52 31 
60 16 
34 21 
50 46 
58 71 
70 15 
74 57 
19 100 
4 93 
73 2 
46 69 
89 42 
32 78 
17 94 
96 56 
14 16 
99 14 
39 70 
20 88 
100 12 
34 35 
50 18 
20 29 
73 6 
79 29 
73 99 
12 86 
17 59 
18 14 
32 27 
80 88 
8 71 
39 63 
58 44 
76 86 
58 45 
9 93 
60 87 
67 77 
23 65 
96 66 
4 20 
100 99 
72 17 
28 44 
38 10 
22 93 
13 43 
67 47 
60 4 
86 62 
13 79 
94 95 
82 76 
48 45 
96 44 
92 45 
44 46 
94 32 
15 78 
43 72 
16 25 
13 35 
14 88 
51 73 
53 98 
94 68 
8 51 
96 95 
69 31 
100 80 
4 47 
29 92 
99 8 
10 14 
29 13 
28 76 
85 12 
11 37 
94 36 
70 5 
4 19 
31 55 
64 74 
96 57 
27 15 
88 58 
93 2 
47 69 
34 18 
14 4 
42 95 
85 42 
88 23 
25 83 
50 91 
68 21 
41 37 
36 55 
70 95 
33 92 
53 9 
92 78 
37 20 
70 40 
83 31 
34 18 
28 71 
60 51 
65 93 
18 43 
7 65 
100 14 
88 100 
93 29 
92 1 
73 61 
1 8 
51 53 
45 56 
76 15 
50 31 
90 63 
89 24 
29 45 
96 17 
38 78 
7 81 
66 19 
58 99 
54 53 
43 13 
58 13 
52 43 
72 88 
63 78 
83 100 
74 32 
5 63 
10 42 
35 41 
11 72 
52 75 
24 27 
42 20 
82 90 
2 77 
17 77 
5 82 
39 74 
90 73 
63 34 
12 52 
29 8 
99 93 
4 25 
95 96 
67 88 
76 42 
14 90 
46 79 
85 97 
4 8 
43 86 
75 18 
61 28 
71 45 
37 90 
96 82 
70 100 
95 97 
61 67 
74 29 
59 89 
56 50 
44 82 
2 21 
84 51 
28 2 
6 78 
91 57 
34 12 
100 66 
16 7 
# Knapsacks:
704 667 
429 701 
818 820 
728 609 
2339 2324 
