# Nr of Items 
200
# Nr of Knapsacks 
10
# Nr of Constraints 
5
# Items profits:
16 
66 
62 
37 
12 
44 
75 
12 
43 
14 
72 
79 
35 
31 
23 
86 
41 
22 
83 
82 
42 
93 
79 
67 
59 
21 
23 
91 
46 
43 
15 
49 
43 
14 
68 
60 
41 
55 
85 
90 
18 
9 
11 
54 
95 
27 
2 
86 
31 
93 
3 
39 
71 
32 
80 
32 
81 
6 
32 
47 
2 
87 
49 
53 
91 
15 
60 
13 
38 
54 
50 
78 
71 
28 
54 
71 
4 
15 
4 
57 
74 
36 
41 
61 
18 
47 
61 
52 
20 
59 
80 
69 
76 
11 
38 
27 
21 
8 
72 
13 
41 
70 
30 
33 
17 
23 
51 
38 
6 
44 
17 
26 
90 
51 
86 
53 
37 
22 
44 
37 
97 
24 
27 
5 
15 
64 
87 
47 
51 
69 
75 
71 
33 
13 
25 
21 
96 
66 
12 
63 
61 
88 
65 
9 
35 
95 
51 
12 
97 
70 
63 
81 
86 
81 
6 
15 
98 
56 
30 
61 
11 
75 
98 
66 
70 
61 
63 
84 
28 
97 
88 
14 
74 
49 
8 
99 
57 
94 
91 
9 
59 
22 
33 
15 
68 
74 
51 
84 
19 
73 
77 
42 
16 
24 
71 
80 
28 
84 
33 
61 

# Items weights:
36 9 36 65 98 
38 74 42 55 60 
49 100 8 58 27 
39 56 20 17 33 
34 48 61 41 33 
42 84 71 50 42 
79 90 22 98 97 
35 10 73 2 100 
62 43 64 3 22 
99 83 12 44 81 
45 23 27 19 31 
31 91 64 85 66 
79 28 65 92 10 
18 58 77 86 65 
23 92 75 60 71 
66 69 100 35 99 
78 21 57 26 17 
79 4 16 15 34 
77 18 13 70 96 
34 5 97 8 98 
54 86 28 96 50 
98 72 17 32 25 
10 2 60 98 40 
26 98 24 95 73 
38 8 62 9 38 
31 7 79 5 42 
84 58 25 9 71 
47 71 100 60 74 
14 5 60 54 57 
27 97 20 6 99 
21 37 86 91 40 
18 97 41 37 23 
62 14 75 9 77 
84 25 2 24 58 
46 35 98 89 17 
87 67 18 98 16 
1 32 10 23 56 
4 1 59 78 77 
19 23 3 48 46 
46 28 65 54 67 
74 95 63 100 13 
56 84 27 53 40 
35 28 61 64 62 
37 61 93 60 38 
92 87 62 66 85 
41 56 35 58 36 
3 30 43 50 30 
10 49 37 16 30 
70 56 86 99 91 
25 73 53 75 24 
94 30 17 80 4 
16 84 3 4 20 
94 86 21 60 15 
37 16 64 26 26 
97 90 29 76 88 
69 1 21 55 58 
44 34 36 71 44 
23 65 34 46 54 
3 79 97 93 11 
28 61 79 18 21 
26 47 1 14 36 
24 82 100 24 76 
76 5 73 98 3 
71 98 11 91 31 
72 23 3 22 94 
65 87 31 56 100 
5 12 52 82 11 
24 93 98 85 65 
72 40 9 2 21 
65 40 51 30 84 
24 2 58 47 74 
54 93 15 67 89 
82 95 83 45 59 
36 27 50 82 83 
31 90 67 43 39 
51 75 67 37 96 
8 97 39 100 66 
36 40 73 41 19 
77 56 33 47 57 
31 9 8 22 83 
2 18 29 19 86 
70 67 25 38 83 
22 23 40 27 19 
19 15 37 1 92 
53 93 64 8 85 
64 59 49 79 32 
53 19 76 24 36 
65 97 31 69 45 
38 48 70 72 8 
30 53 41 30 65 
24 53 71 75 75 
65 55 93 69 54 
34 33 67 98 14 
92 33 67 37 9 
17 47 51 96 70 
52 28 19 45 2 
98 18 99 54 24 
93 14 67 34 47 
53 85 76 20 17 
49 12 20 68 41 
7 66 11 72 8 
21 78 91 68 72 
20 41 21 92 94 
11 67 74 53 58 
34 43 96 59 21 
66 92 69 22 20 
33 65 10 37 25 
31 77 31 95 53 
8 6 13 43 56 
29 22 54 71 87 
77 8 78 2 72 
89 40 5 21 100 
13 19 55 40 59 
69 56 4 77 62 
95 30 25 73 87 
42 10 14 79 24 
23 87 75 25 80 
92 11 43 39 58 
83 9 21 38 40 
54 49 95 91 59 
23 12 33 14 26 
44 80 55 93 34 
18 21 28 31 22 
74 89 68 74 2 
49 66 37 31 61 
90 95 35 73 80 
83 53 35 52 48 
34 10 60 61 96 
87 100 72 55 52 
48 56 62 96 31 
71 88 55 77 94 
63 35 19 65 68 
69 52 3 6 9 
19 94 34 26 69 
68 18 42 95 61 
68 57 47 8 9 
25 93 5 61 38 
87 83 28 20 48 
100 5 65 100 62 
43 47 65 46 32 
47 91 47 69 12 
65 91 100 29 68 
38 13 89 27 46 
15 20 83 49 63 
48 91 63 41 74 
66 47 4 90 42 
34 9 21 69 38 
86 29 64 98 34 
78 64 51 17 9 
84 10 24 6 81 
11 96 10 35 55 
32 4 69 95 36 
24 68 93 20 29 
60 76 54 79 55 
15 10 100 86 33 
12 83 60 15 33 
73 74 88 99 33 
7 66 9 60 95 
48 65 10 58 34 
60 16 3 34 100 
100 42 42 68 89 
57 16 1 30 87 
27 80 88 68 99 
89 19 8 23 61 
16 68 83 29 47 
83 72 64 27 30 
59 36 9 25 48 
25 15 77 20 43 
12 42 31 55 51 
31 65 10 86 2 
69 90 98 78 47 
23 89 45 74 50 
62 90 47 80 61 
67 45 68 57 85 
29 60 28 94 84 
6 48 99 11 72 
19 30 23 45 18 
71 100 74 11 91 
66 94 92 27 84 
83 8 72 94 14 
99 80 35 94 16 
98 7 96 60 20 
92 61 32 94 22 
54 76 84 31 79 
56 27 13 38 2 
91 58 39 13 77 
96 91 74 27 47 
75 97 14 58 46 
87 53 55 64 75 
19 99 8 98 26 
85 1 83 42 8 
52 10 24 80 43 
32 83 13 53 77 
13 86 28 98 76 
28 1 41 1 3 
4 94 39 66 29 
41 32 75 44 94 
59 72 91 7 68 
83 19 95 49 11 
16 21 97 5 19 
# Knapsacks:
384 337 276 391 363 
230 285 310 341 395 
307 250 286 387 389 
270 393 285 255 234 
225 238 344 366 304 
270 384 261 350 248 
220 314 327 259 223 
273 311 329 330 387 
391 262 216 214 264 
2189 2241 2143 2250 2204 
